134562
2237630
4340442
6443510
4038750
6193379
6420774
11715799
13817487
15919176
18020608
20578291
22693602
24809168
26924479
15258364
17362406
19465681
21569723
23673765
25777551
27881593
29985379
32089421
34193207
36297249
38401036
40687839
42764701
44834373
47338745
49434610
51530474
53626339
20101885
22200045
24298461
26396621
28494780
30592940
32691100
34789261
36887421
38985837
41085261
43185437
45734904
47847911
49953247
52058583
54163918
941420
3041206
4754438
6849105
1122842
3233864
5345141
7456162
389073
2177550
4291402
6404997
134107
2237167
7867647
1187729
3289530
5391331
1599072
3695747
5792679
7889610
1583746
3682721
5781696
7880670
117979
2223598
7867606
141439
2243232
4345025
6447075
134072
2237137
4340202
2011495
4108205
6204915
7885885
1234125
3329249
5424629
3568964
5642651
7716851
9583607
1435719
3518098
5600220
7450918
1997500
4095990
5798453
7894383
1341694
3308335
5407072
7506065
3040047
5140369
7240435
10588006
12966390
15093134
17220133
12104935
14218674
16331901
18445641
20559126
22875363
24956592
27037565
29118538
31199511
14177750
16274344
18370938
20467532
22564126
25081072
27178689
29276307
31373925
33471288
35568652
27431158
29527789
31624419
33721049
35817935
37914566
40010674
42106517
44201582
46296902
48393266
50489374
52585483
12775422
15259640
17363681
19467467
21571508
23675805
25780102
27884144
29988441
32092482
34196779
36300820
38600445
40683472
42759309
44827699
23615229
25712370
27809255
29906396
32003280
34100421
36197306
38294447
40391321
42487929
44584272
46680358
48776721
51297019
53394405
24660215
26756842
28853470
30949841
33046468
35143095
37239467
39336094
41431940
43527262
45622059
48162295
50260701
52359108
54457514
25343993
27441903
29539556
31637210
33734863
35832516
37930170
40028581
42127237
44226651
46326064
48424219
50522629
21163262
23262962
25362406
25744383
27844853
29945067
32045537
34145495
36245709
38346180
40449712
42556306
44666219
46775875
48879408
50982940
53085704
25697270
27792619
29887968
31983573
34078922
36834557
38928886
41020905
43110101
45196219
47282337
49373845
51465608
53557115
44188828
46283385
48378983
50474836
52570689
44184204
46262316
48574711
50680769
52787085
16259496
16862413
18930584
20997986
17967599
20055506
22143925
24231576
26319483
28407133
30494784
32582178
34669828
37096676
39203270
41319307
43444532
1203932
3303661
5403391
557605
2653268
4749187
6844851
25333247
27429877
29526506
31622880
33719510
35816140
37912514
40008622
42104208
44199785
46295106
48391471
50487835
52584200
10649210
12742171
14978742
17079896
13152950
15255420
17357633
19460102
21888716
23980434
26072407
28164125
13156051
15262137
17367711
19473797
21579628
23685714
25791800
27897631
30003717
32312555
34401489
36489656
38578078
40657514
10638664
12893132
14998615
14182352
16280480
18378608
20476736
22575120
25068513
27164594
29260675
31356500
33452581
3067724
5162665
6832652
5510667
7610495
9613272
43549177
45649642
47749597
49848279
51947217
54045642
39350776
41447385
43543214
45637985
48084407
50149733
52215570
13144035
15244991
17345947
19446904
21547861
23648818
25749774
28182762
30276551
32369827
34462848
36556125
38649658
10632439
12718797
14805411
16891513
18977615
21063972
23441654
25549771
27657377
29765495
31873356
33981474
11039950
13139859
15239511
17339164
17339164
22163553
24389765
26934701
268042
2367331
4466621
6471189
905103
3010517
4780063
6869092
1658149
3746640
5835131
7924135
1647906
3737679
5827964
7917992
12077958
14172694
16697001
18796344
12080980
14592973
16690498
10627021
12710800
14794068
16877337
19242713
21353631
23464292
25575466
11647583
14005966
16134470
10659239
12757085
14854674
17055938
19152505
21249327
3006550
5111986
6871571
861641
2727434
4809798
6892418
3011877
5116554
7221743
2377492
4474748
6572260
16952318
19049710
21147358
23245006
25342655
27440047
29537695
31635088
33732736
35830384
37928032
40025921
42124307
44310737
46405779
48501875
50597716
52693813
12759768
14858666
16957308
19055950
21154592
23337966
25433280
27528850
29624420
31719990
46306802
48403691
50500579
52597724
30587130
32668086
34749042
36830765
39137508
41266779
32041888
34175517
36502174
38561820
31593365
33891539
36007452
30589687
32702093
33107454
35231938
37355910
39480138
30588670
32687587
34786248
36885165
38983827
41084253
43186189
45749486
47873750
49984715
52095423
48410617
50508018
52605420
44605437
46705389
48804069
50902494
53001174
48417273
50515187
52612844
48417275
50515189
52613103
16308219
18413539
20518346
22623665
24728985
26834304
28939623
31044942
33150261
35255580
37360387
39636713
41717687
43790700
46309371
48406517
50503407
52600809
19028479
21122544
23216609
25310674
27404740
29499061
31593126
33687191
35782025
37876090
39967324
42055472
44393714
46502582
48605336
50708347
52811357
23627258
25725678
27824098
29922263
32020683
34119103
36217523
38315688
40415376
42516077
44618302
46720271
49156598
51251167
53346248
42090236
44182504
46275029
48369868
50464450
52559801
16292589
18393809
20495029
22595993
24696957
26798178
28899142
30999594
33100559
35511794
37605078
39698107
41787267
43872559
35155444
37253856
39352268
41451683
43552615
45654805
48121794
50216345
52310896
54405448
41441534
43538416
45635036
47731657
49828543
51925429
54022572
20480234
22579920
24679351
26778781
28878467
30977898
33077584
35177014
37276700
39376130
41818318
43908736
45996314
24664562
26761443
28858324
30955205
33051830
35148711
37245592
39342474
41439084
43535423
45631236
48151751
50249129
52346764
54444142
24672246
26770408
28868570
30966732
33064895
35163057
37261475
39359637
41459066
43559248
45660697
48116961
50212038
52306858
54401935
24663806
26760690
28857317
30954201
33051085
35147712
37244596
39341224
41437839
43533674
45629497
47725066
50252016
52349913
54447809
24676348
26775280
28873955
30972886
33071562
35170493
37269424
39368100
41468554
43570788
45674545
48101373
50195171
52288970
54382769
35729402
37263475
38200223
28869110
30967276
33065698
35163864
37262029
39360451
41459630
43560079
45661542
47763260
49862439
51961875
54400764
45674142
47777156
49877366
51977833
54078044
45673884
47776627
49876574
51976520
54076723
28880379
30980081
33079527
35178974
37278676
39378122
41480119
43583898
45690228
47796301
49898042
51999783
54101268
18376173
20474063
22571696
24669329
26766962
28864595
30962228
33059861
35555829
37652438
39749047
41845113
43940636
39344893
41442033
43538911
45635528
47732400
49829284
51926424
54023308
11725154
14278381
16409031
18540193
11728839
14238424
16355754
18473085
20590159
22707232
24917745
26778109
28877043
30975976
33074910
35173843
37272777
39371710
41472425
43574666
45678688
47782454
49882913
51983627
54377717
12118487
14234001
16350284
18466310
20771777
22849916
24928054
128942
2232264
4336099
6439933
1905847
4017394
5863473
7946348
13817563
15919279
18021251
20537841
22646495
24754893
26863291
28971433
31079831
33188229
35296627
37405025
39513422
23236095
25331948
27427800
29523653
31619762
33715614
35811467
37907575
40002384
42095894
44346053
46447735
48547152
50646568
52745985
32677884
34775025
36871909
38969049
41065922
43162783
45259120
47355712
49452328
51549200
53762806
16946123
19040888
21135653
23360717
25460090
27559463
1156070
3259377
4719255
5362684
6819247
8924920
326966
2419564
4512162
6605015
8542328
1203934
3302889
5401587
1206734
3303906
5401587
573093
2667703
4762569
6857179
4084267
6183525
8283038
9995086
12086011
21500917
23593178
26350839
28441572
30531537
32621758
34711722
36801943
38891908
40974687
43050791
45512409
47638158
23593471
26361336
28453350
30545619
32637632
34730157
36822426
38914439
41001569
43083305
45471451
47588239
49695337
51802436
53909790
20480454
22581637
24682564
26783747
29245378
31338369
33431359
20480475
22581923
24683115
26784307
29244923
31337667
33430667
35523667
37616923
42483697
44579031
46674365
48770735
50867106
52963477
20456683
22547386
23182312
25266896
27351224
29435808
31520648
33605232
35689560
37773888
40387059
42482652
44577981
46673055
48769168
50865280
52961649
