32677884, 34775025, 36871909, 38969049, 41065922, 43162783, 45259120, 47355712, 49452328, 51549200, 
28453350, 30545619, 32637632, 34730157, 36822426, 38914439, 41001569, 43083305, 45471451, 47588239, 49695337, 51802436, 
41441534, 43538416, 45635036, 47731657, 49828543, 51925429, 
41442033, 43538911, 45635528, 47732400, 49829284, 51926424, 
45649642, 47749597, 49848279, 51947217, 
26775280, 28877043, 30975976, 33074910, 35173843, 37272777, 39371710, 41472425, 43574666, 45678688, 47782454, 49882913, 51976520, 
26775280, 28877043, 30975976, 33074910, 35173843, 37272777, 39371710, 41472425, 43574666, 45678688, 47782454, 49882913, 51983627, 
26775280, 28873955, 30972886, 33071562, 35170493, 37269424, 39368100, 41468554, 43570788, 45674545, 48101373, 50195171, 52288970, 
26770408, 28868570, 30966732, 33064895, 35163057, 37261475, 39359637, 41459066, 43559248, 45660697, 48116961, 50212038, 52306858, 
37253856, 39352268, 41451683, 43552615, 45654805, 48121794, 50216345, 52310896, 
26761443, 28858324, 30955205, 33051830, 35148711, 37245592, 39342474, 41439084, 43535423, 45631236, 48151751, 50249129, 52346764, 
44182504, 46275029, 48369868, 50464450, 
46306802, 48403691, 50500579, 
46306802, 48403691, 50500579, 
46705389, 48417273, 50515187, 
46705389, 48417275, 50515189, 
19049710, 21147358, 23245006, 25342655, 27440047, 29537695, 31635088, 33732736, 35830384, 37928032, 40025921, 42124307, 44310737, 46405779, 48501875, 50597716, 
25331948, 27427800, 29523653, 31619762, 33715614, 35811467, 37907575, 40002384, 42095894, 44346053, 46447735, 48547152, 50646568, 
21122544, 23216609, 25310674, 27404740, 29499061, 31593126, 33687191, 35782025, 37876090, 39967324, 42055472, 44393714, 46502582, 48605336, 50708347, 
42482652, 44577981, 46673055, 48769168, 50865280, 
42483697, 44579031, 46674365, 48770735, 50867106, 
46705389, 48804069, 50902494, 
15259640, 17363681, 19467467, 21571508, 23675805, 25780102, 27884144, 29988441, 32092482, 34196779, 36245709, 38346180, 40449712, 42556306, 44666219, 46775875, 48879408, 50982940, 
25725678, 27824098, 29922263, 32020683, 34119103, 36217523, 38315688, 40415376, 42516077, 44618302, 46720271, 49156598, 51251167, 
25712370, 27809255, 29906396, 32003280, 34100421, 36197306, 38294447, 40391321, 42487929, 44584272, 46680358, 48776721, 51297019, 
32677884, 34775025, 36871909, 38969049, 41065922, 43162783, 45259120, 47355712, 49452328, 
28453350, 30545619, 32637632, 34730157, 36822426, 38914439, 41001569, 43083305, 45471451, 47588239, 49695337, 
41441534, 43538416, 45635036, 47731657, 49828543, 
41442033, 43538911, 45635528, 47732400, 49829284, 
26775280, 28877043, 30975976, 33074910, 35173843, 37272777, 39371710, 41472425, 43574666, 45678688, 47782454, 49882913, 
32687587, 34786248, 36885165, 38983827, 41084253, 43186189, 45749486, 47873750, 49984715, 
26775280, 28873955, 30972886, 33071562, 35170493, 37269424, 39368100, 41468554, 43570788, 45674545, 48101373, 50195171, 
26770408, 28868570, 30966732, 33064895, 35163057, 37261475, 39359637, 41459066, 43559248, 45660697, 48116961, 50212038, 
37253856, 39352268, 41451683, 43552615, 45654805, 48121794, 50216345, 
26761443, 28858324, 30955205, 33051830, 35148711, 37245592, 39342474, 41439084, 43535423, 45631236, 48151751, 50249129, 
27441903, 29539556, 31637210, 33734863, 35832516, 37930170, 40028581, 42127237, 44226651, 46326064, 48424219, 
19049710, 21147358, 23245006, 25342655, 27440047, 29537695, 31635088, 33732736, 35830384, 37928032, 40025921, 42124307, 44310737, 46405779, 48501875, 
25331948, 27427800, 29523653, 31619762, 33715614, 35811467, 37907575, 40002384, 42095894, 44346053, 46447735, 48547152, 
21122544, 23216609, 25310674, 27404740, 29499061, 31593126, 33687191, 35782025, 37876090, 39967324, 42055472, 44393714, 46502582, 48605336, 
42483697, 44579031, 46674365, 48770735, 
25712370, 27809255, 29906396, 32003280, 34100421, 36197306, 38294447, 40391321, 42487929, 44584272, 46680358, 48776721, 
15259640, 17363681, 19467467, 21571508, 23675805, 25780102, 27884144, 29988441, 32092482, 34196779, 36245709, 38346180, 40449712, 42556306, 44666219, 46775875, 48879408, 
25725678, 27824098, 29922263, 32020683, 34119103, 36217523, 38315688, 40415376, 42516077, 44618302, 46720271, 49156598, 
32677884, 34775025, 36871909, 38969049, 41065922, 43162783, 45259120, 47355712, 
28453350, 30545619, 32637632, 34730157, 36822426, 38914439, 41001569, 43083305, 45471451, 47588239, 
26775280, 28877043, 30975976, 33074910, 35173843, 37272777, 39371710, 41472425, 43574666, 45678688, 47782454, 
32687587, 34786248, 36885165, 38983827, 41084253, 43186189, 45749486, 47873750, 
26775280, 28873955, 30972886, 33071562, 35170493, 37269424, 39368100, 41468554, 43570788, 45674545, 48101373, 
26770408, 28868570, 30966732, 33064895, 35163057, 37261475, 39359637, 41459066, 43559248, 45660697, 48116961, 
32677884, 34775025, 36871909, 38969049, 41065922, 43162783, 45259120, 48121794, 
37253856, 39352268, 41451683, 43552615, 45654805, 48121794, 
26761443, 28858324, 30955205, 33051830, 35148711, 37245592, 39342474, 41439084, 43535423, 45631236, 48151751, 
27441903, 29539556, 31637210, 33734863, 35832516, 37930170, 40028581, 42127237, 44226651, 46326064, 
19049710, 21147358, 23245006, 25342655, 27440047, 29537695, 31635088, 33732736, 35830384, 37928032, 40025921, 42124307, 44310737, 46405779, 
25331948, 27427800, 29523653, 31619762, 33715614, 35811467, 37907575, 40002384, 42095894, 44346053, 46447735, 
21122544, 23216609, 25310674, 27404740, 29499061, 31593126, 33687191, 35782025, 37876090, 39967324, 42055472, 44393714, 46502582, 
25712370, 27809255, 29906396, 32003280, 34100421, 36197306, 38294447, 40391321, 42487929, 44584272, 46680358, 
25725678, 27824098, 29922263, 32020683, 34119103, 36217523, 38315688, 40415376, 42516077, 44618302, 46720271, 
15259640, 17363681, 19467467, 21571508, 23675805, 25780102, 27884144, 29988441, 32092482, 34196779, 36245709, 38346180, 40449712, 42556306, 44666219, 46775875, 
32677884, 34775025, 36871909, 38969049, 41065922, 43162783, 45259120, 
28453350, 30545619, 32637632, 34730157, 36822426, 38914439, 41001569, 43083305, 45471451, 
28441572, 30531537, 32621758, 34711722, 36801943, 38891908, 40974687, 43050791, 45512409, 
22579920, 24679351, 26778781, 28878467, 30977898, 33077584, 35177014, 37276700, 39376130, 41818318, 43908736, 45622059, 
26761443, 28858324, 30955205, 33051830, 35148711, 37245592, 39342474, 41439084, 43535423, 45631236, 
28441572, 30531537, 32621758, 34711722, 36801943, 38891908, 40974687, 43050791, 45660697, 
26770408, 28868570, 30966732, 33064895, 35163057, 37261475, 39359637, 41459066, 43559248, 45660697, 
20474063, 22571696, 24669329, 26766962, 28864595, 30962228, 33059861, 35555829, 37652438, 39749047, 41845113, 43538911, 45661542, 
26775280, 28873955, 30972886, 33071562, 35170493, 37269424, 39368100, 41468554, 43570788, 45674545, 
26775280, 28877043, 30975976, 33074910, 35173843, 37272777, 39371710, 41472425, 43574666, 45678688, 
32687587, 34786248, 36885165, 38983827, 41084253, 43186189, 45749486, 
27441903, 29539556, 31637210, 33734863, 35832516, 37930170, 40028581, 42127237, 44226651, 
19049710, 21147358, 23245006, 25342655, 27440047, 29537695, 31635088, 33732736, 35830384, 37928032, 40025921, 42124307, 44310737, 
25331948, 27427800, 29523653, 31619762, 33715614, 35811467, 37907575, 40002384, 42095894, 44346053, 
21122544, 23216609, 25310674, 27404740, 29499061, 31593126, 33687191, 35782025, 37876090, 39967324, 42055472, 44393714, 
25712370, 27809255, 29906396, 32003280, 34100421, 36197306, 38294447, 40391321, 42487929, 44584272, 
25725678, 27824098, 29922263, 32020683, 34119103, 36217523, 38315688, 40415376, 42516077, 44618302, 
15259640, 17363681, 19467467, 21571508, 23675805, 25780102, 27884144, 29988441, 32092482, 34196779, 36245709, 38346180, 40449712, 42556306, 44666219, 
28441572, 30531537, 32621758, 34711722, 36801943, 38891908, 40974687, 43050791, 
26761443, 28858324, 30955205, 33051830, 35148711, 37245592, 39342474, 41439084, 43535423, 
20474063, 22571696, 24669329, 26766962, 28864595, 30962228, 33059861, 35555829, 37652438, 39749047, 41845113, 43538911, 
26770408, 28868570, 30966732, 33064895, 35163057, 37261475, 39359637, 41459066, 43559248, 
20474063, 22571696, 24669329, 26766962, 28864595, 30962228, 33059861, 35555829, 37652438, 39749047, 41459630, 43560079, 
26775280, 28873955, 30972886, 33071562, 35170493, 37269424, 39368100, 41468554, 43570788, 
22579920, 24679351, 26778781, 28878467, 30977898, 33077584, 35177014, 37276700, 39376130, 41818318, 43908736, 
21122544, 23216609, 25310674, 27404740, 29499061, 31593126, 33687191, 35782025, 37876090, 39967324, 42055472, 
25331948, 27427800, 29523653, 31619762, 33715614, 35811467, 37907575, 40002384, 42095894, 
19049710, 21147358, 23245006, 25342655, 27440047, 29537695, 31635088, 33732736, 35830384, 37928032, 40025921, 42124307, 
27441903, 29539556, 31637210, 33734863, 35832516, 37930170, 40028581, 42127237, 
25712370, 27809255, 29906396, 32003280, 34100421, 36197306, 38294447, 40391321, 42487929, 
25725678, 27824098, 29922263, 32020683, 34119103, 36217523, 38315688, 40415376, 42516077, 
15259640, 17363681, 19467467, 21571508, 23675805, 25780102, 27884144, 29988441, 32092482, 34196779, 36245709, 38346180, 40449712, 42556306, 
15259640, 17363681, 19467467, 21571508, 23675805, 25780102, 27884144, 29988441, 32092482, 34196779, 36300820, 38600445, 40683472, 42759309, 
15262137, 17367711, 19473797, 21579628, 23685714, 25791800, 27897631, 30003717, 32312555, 34401489, 36489656, 38578078, 40687839, 42764701, 
15258364, 17362406, 19465681, 21569723, 23673765, 25777551, 27881593, 29985379, 32089421, 34193207, 36297249, 38401036, 40687839, 42764701, 
18393809, 20495029, 22595993, 24696957, 26798178, 28899142, 30999594, 33100559, 35511794, 37605078, 39698107, 41451683, 
20474063, 22571696, 24669329, 26766962, 28864595, 30962228, 33059861, 35555829, 37652438, 39749047, 41459630, 
18413539, 20518346, 22623665, 24728985, 26834304, 28939623, 31044942, 33150261, 35255580, 37360387, 39636713, 41717687, 
18393809, 20495029, 22595993, 24696957, 26798178, 28899142, 30999594, 33100559, 35511794, 37605078, 39698107, 41787267, 
22579920, 24679351, 26778781, 28878467, 30977898, 33077584, 35177014, 37276700, 39376130, 41818318, 
20474063, 22571696, 24669329, 26766962, 28864595, 30962228, 33059861, 35555829, 37652438, 39749047, 41845113, 
19049710, 21147358, 23245006, 25342655, 27440047, 29537695, 31635088, 33732736, 35830384, 37928032, 40025921, 
15259640, 17363681, 19467467, 21571508, 23675805, 25780102, 27884144, 29988441, 32092482, 34196779, 36245709, 38346180, 40449712, 
15259640, 17363681, 19467467, 21571508, 23675805, 25780102, 27884144, 29988441, 32092482, 34196779, 36300820, 38600445, 40683472, 
15262137, 17367711, 19473797, 21579628, 23685714, 25791800, 27897631, 30003717, 32312555, 34401489, 36489656, 38578078, 40687839, 
15258364, 17362406, 19465681, 21569723, 23673765, 25777551, 27881593, 29985379, 32089421, 34193207, 36297249, 38401036, 40687839, 
20474063, 22571696, 24669329, 26766962, 28864595, 30962228, 33059861, 35555829, 37652438, 39341224, 
22579920, 24679351, 26778781, 28878467, 30977898, 33077584, 35177014, 37276700, 39376130, 
18413539, 20518346, 22623665, 24728985, 26834304, 28939623, 31044942, 33150261, 35255580, 37360387, 39636713, 
18393809, 20495029, 22595993, 24696957, 26798178, 28899142, 30999594, 33100559, 35511794, 37605078, 39698107, 
20474063, 22571696, 24669329, 26766962, 28864595, 30962228, 33059861, 35555829, 37652438, 39749047, 
15244991, 17345947, 19446904, 21547861, 23648818, 25749774, 28182762, 30276551, 32369827, 34462848, 36556125, 37912514, 
15259640, 17363681, 19467467, 21571508, 23675805, 25780102, 27884144, 29988441, 32092482, 34196779, 36245709, 38346180, 
15258364, 17362406, 19465681, 21569723, 23673765, 25777551, 27881593, 29985379, 32089421, 34193207, 36297249, 38401036, 
15262137, 17367711, 19473797, 21579628, 23685714, 25791800, 27897631, 30003717, 32312555, 34401489, 36489656, 38578078, 
15259640, 17363681, 19467467, 21571508, 23675805, 25780102, 27884144, 29988441, 32092482, 34196779, 36300820, 38600445, 
22579920, 24679351, 26778781, 28878467, 30977898, 33077584, 35177014, 37276700, 
18413539, 20518346, 22623665, 24728985, 26834304, 28939623, 31044942, 33150261, 35255580, 37360387, 
18393809, 20495029, 22595993, 24696957, 26798178, 28899142, 30999594, 33100559, 35511794, 37605078, 
20474063, 22571696, 24669329, 26766962, 28864595, 30962228, 33059861, 35555829, 37652438, 
15259640, 17363681, 19467467, 21571508, 23675805, 25780102, 27884144, 29988441, 32092482, 34196779, 36245709, 
15258364, 17362406, 19465681, 21569723, 23673765, 25777551, 27881593, 29985379, 32089421, 34193207, 36297249, 
15259640, 17363681, 19467467, 21571508, 23675805, 25780102, 27884144, 29988441, 32092482, 34196779, 36300820, 
15262137, 17367711, 19473797, 21579628, 23685714, 25791800, 27897631, 30003717, 32312555, 34401489, 36489656, 
15244991, 17345947, 19446904, 21547861, 23648818, 25749774, 28182762, 30276551, 32369827, 34462848, 36556125, 
18413539, 20518346, 22623665, 24728985, 26834304, 28939623, 31044942, 33150261, 35255580, 
18393809, 20495029, 22595993, 24696957, 26798178, 28899142, 30999594, 33100559, 35511794, 
20474063, 22571696, 24669329, 26766962, 28864595, 30962228, 33059861, 35555829, 
15258364, 17362406, 19465681, 21569723, 23673765, 25777551, 27881593, 29985379, 32089421, 34193207, 
15259640, 17363681, 19467467, 21571508, 23675805, 25780102, 27884144, 29988441, 32092482, 34196779, 
15259640, 17363681, 19467467, 21571508, 23675805, 25780102, 27884144, 29988441, 32092482, 34196779, 
15262137, 17367711, 19473797, 21579628, 23685714, 25791800, 27897631, 30003717, 32312555, 34401489, 
15244991, 17345947, 19446904, 21547861, 23648818, 25749774, 28182762, 30276551, 32369827, 34462848, 
15258364, 17362406, 19465681, 21569723, 23673765, 25777551, 27881593, 29985379, 32089421, 
15262137, 17367711, 19473797, 21579628, 23685714, 25791800, 27897631, 30003717, 32312555, 
15244991, 17345947, 19446904, 21547861, 23648818, 25749774, 28182762, 30276551, 32369827, 
15244991, 17345947, 19446904, 21547861, 23648818, 25749774, 28182762, 30276551, 
