38928886, 41020905, 43110101, 45196219, 47282337, 49373845, 51465608, 
26775280, 28877043, 30967276, 33065698, 35163864, 37262029, 39360451, 41459630, 43560079, 45661542, 47763260, 49862439, 51961875, 
26775280, 28877043, 30967276, 33065698, 35163864, 37262029, 39360451, 41459630, 43560079, 45661542, 47763260, 49862439, 51961875, 
26775280, 28877043, 30975976, 33074910, 35173843, 37272777, 39371710, 41472425, 43574666, 45678688, 47782454, 49882913, 51976520, 
38928886, 41020905, 43110101, 45196219, 47282337, 49373845, 51976520, 
38928886, 41020905, 43110101, 45196219, 47282337, 49373845, 51976520, 
26775280, 28877043, 30975976, 33074910, 35173843, 37272777, 39371710, 41431940, 43527262, 45622059, 47777156, 49877366, 51977833, 
26775280, 28877043, 30975976, 33074910, 35173843, 37272777, 39371710, 41431940, 43527262, 45622059, 47777156, 49877366, 51977833, 
26775280, 28877043, 30975976, 33074910, 35173843, 37272777, 39371710, 41472425, 43574666, 45678688, 47782454, 49882913, 51983627, 
47782454, 49882913, 51983627, 
26775280, 28877043, 30975976, 33074910, 35173843, 37272777, 39371710, 41472425, 43574666, 45690228, 47796301, 49898042, 51999783, 
26775280, 28877043, 30975976, 33074910, 35173843, 37272777, 39371710, 41472425, 43574666, 45690228, 47796301, 49898042, 51999783, 
22200045, 24298461, 26396621, 28494780, 30949841, 33046468, 34789261, 36887421, 38985837, 41085261, 43185437, 45734904, 47847911, 49953247, 52058583, 
22200045, 24298461, 26396621, 28494780, 30949841, 33046468, 34789261, 36887421, 38985837, 41085261, 43185437, 45734904, 47847911, 49953247, 52058583, 
26760690, 28857317, 30949841, 33046468, 35147712, 37244596, 39341224, 41437839, 43533674, 45629497, 47725066, 50252016, 52349913, 
22200045, 24298461, 26396621, 28494780, 30949841, 33046468, 34789261, 36887421, 38985837, 41085261, 43185437, 45734904, 48162295, 50260701, 52359108, 
22200045, 24298461, 26396621, 28494780, 30949841, 33046468, 34789261, 36887421, 38985837, 41085261, 43185437, 45734904, 48162295, 50260701, 52359108, 
26760690, 28857317, 30949841, 33046468, 35143095, 37239467, 39336094, 41431940, 43527262, 45622059, 48162295, 50260701, 52359108, 
27429877, 29527789, 31624419, 33721049, 35817935, 37914566, 40008622, 42106517, 44199785, 46296902, 48393266, 50474836, 
27429877, 29527789, 31624419, 33721049, 35817935, 37914566, 40008622, 42106517, 44199785, 46296902, 48391471, 50487835, 
27429877, 29527789, 31624419, 33721049, 35817935, 37914566, 40008622, 42106517, 44201582, 46296902, 48393266, 50489374, 
27429877, 29527789, 31624419, 33721049, 35817935, 37914566, 40008622, 42106517, 44199785, 46296902, 48393266, 50489374, 
46705389, 48417275, 50500579, 
46705389, 48417275, 50500579, 
42483697, 44579031, 46306802, 48403691, 50500579, 
44579031, 46306802, 48403691, 50500579, 
46705389, 48417275, 50503407, 
46705389, 48417275, 50503407, 
46705389, 48417275, 50503407, 
46705389, 48417275, 50508018, 
46705389, 48417275, 50508018, 
46705389, 48417275, 50515187, 
46705389, 48417275, 50515187, 
46705389, 48417273, 50515187, 
46705389, 48417275, 50515189, 
46705389, 48417273, 50515189, 
46705389, 48417273, 50515189, 
46705389, 48417273, 50515189, 
46306802, 48770735, 50867106, 
46306802, 48770735, 50867106, 
15259640, 17363681, 19467467, 21571508, 23675805, 25780102, 27884144, 29988441, 32092482, 34196779, 36245709, 38346180, 40449712, 42556306, 44666219, 46775875, 48879408, 50982940, 
38928886, 41020905, 43110101, 45196219, 47282337, 49373845, 
45649642, 47749597, 49848279, 
26775280, 28877043, 30967276, 33065698, 35163864, 37262029, 39360451, 41459630, 43560079, 45661542, 47763260, 49862439, 
26775280, 28877043, 30967276, 33065698, 35163864, 37262029, 39360451, 41459630, 43560079, 45661542, 47763260, 49862439, 
26775280, 28877043, 30975976, 33074910, 35173843, 37272777, 39371710, 41472425, 43574666, 45674142, 47776627, 49876574, 
26775280, 28877043, 30975976, 33074910, 35173843, 37272777, 39371710, 41472425, 43574666, 45674142, 47776627, 49876574, 
26775280, 28877043, 30975976, 33074910, 35173843, 37272777, 39371710, 41431940, 43527262, 45622059, 47777156, 49877366, 
26775280, 28877043, 30975976, 33074910, 35173843, 37272777, 39371710, 41431940, 43527262, 45622059, 47777156, 49877366, 
26775280, 28877043, 30975976, 33074910, 35173843, 37272777, 39371710, 41472425, 43574666, 45678688, 47782454, 49882913, 
45629497, 48116961, 49882913, 
26775280, 28877043, 30975976, 33074910, 35173843, 37272777, 39371710, 41472425, 43574666, 45690228, 47796301, 49898042, 
26775280, 28877043, 30975976, 33074910, 35173843, 37272777, 39371710, 41472425, 43574666, 45690228, 47796301, 49898042, 
22200045, 24298461, 26396621, 28494780, 30949841, 33046468, 34789261, 36887421, 38985837, 41085261, 43185437, 45734904, 47847911, 49953247, 
22200045, 24298461, 26396621, 28494780, 30949841, 33046468, 34789261, 36887421, 38985837, 41085261, 43185437, 45734904, 47847911, 49953247, 
26760690, 28857317, 30949841, 33046468, 35147712, 37244596, 39341224, 41437839, 43533674, 45629497, 47725066, 50252016, 
22200045, 24298461, 26396621, 28494780, 30949841, 33046468, 34789261, 36887421, 38985837, 41085261, 43185437, 45734904, 48162295, 50260701, 
22200045, 24298461, 26396621, 28494780, 30949841, 33046468, 34789261, 36887421, 38985837, 41085261, 43185437, 45734904, 48162295, 50260701, 
26760690, 28857317, 30949841, 33046468, 35143095, 37239467, 39336094, 41431940, 43527262, 45622059, 48162295, 50260701, 
44182504, 46275029, 48369868, 
27429877, 29527789, 31624419, 33721049, 35817935, 37914566, 40008622, 42106517, 44188828, 46283385, 48378983, 
27429877, 29527789, 31624419, 33721049, 35817935, 37914566, 40008622, 42106517, 44199785, 46296902, 48391471, 
27429877, 29527789, 31624419, 33721049, 35817935, 37914566, 40008622, 42106517, 44201582, 46296902, 48393266, 
27429877, 29527789, 31624419, 33721049, 35817935, 37914566, 40008622, 42106517, 44199785, 46296902, 48393266, 
42483697, 44579031, 46306802, 48403691, 
44579031, 46306802, 48403691, 
42482652, 44577981, 46673055, 48769168, 
15259640, 17363681, 19467467, 21571508, 23675805, 25780102, 27884144, 29988441, 32092482, 34196779, 36245709, 38346180, 40449712, 42556306, 44666219, 46775875, 48879408, 
38928886, 41020905, 43110101, 45196219, 47282337, 
26760690, 28857317, 30949841, 33046468, 35147712, 37244596, 39341224, 41437839, 43533674, 45629497, 47725066, 
41441534, 43538416, 45635036, 47731657, 
41442033, 43538911, 45635528, 47732400, 
26775280, 28877043, 30967276, 33065698, 35163864, 37262029, 39360451, 41459630, 43560079, 45661542, 47763260, 
26775280, 28877043, 30967276, 33065698, 35163864, 37262029, 39360451, 41459630, 43560079, 45661542, 47763260, 
26775280, 28877043, 30975976, 33074910, 35173843, 37272777, 39371710, 41472425, 43574666, 45674142, 47776627, 
26775280, 28877043, 30975976, 33074910, 35173843, 37272777, 39371710, 41472425, 43574666, 45674142, 47776627, 
37253856, 39352268, 41451683, 43552615, 45654805, 47777156, 
37253856, 39352268, 41451683, 43552615, 45654805, 47777156, 
26775280, 28877043, 30975976, 33074910, 35173843, 37272777, 39371710, 41431940, 43527262, 45622059, 47777156, 
26775280, 28877043, 30975976, 33074910, 35173843, 37272777, 39371710, 41431940, 43527262, 45622059, 47777156, 
26775280, 28877043, 30975976, 33074910, 35173843, 37272777, 39371710, 41472425, 43574666, 45678688, 47782454, 
26775280, 28877043, 30975976, 33074910, 35173843, 37272777, 39371710, 41472425, 43574666, 45690228, 47796301, 
26775280, 28877043, 30975976, 33074910, 35173843, 37272777, 39371710, 41472425, 43574666, 45690228, 47796301, 
22200045, 24298461, 26396621, 28494780, 30949841, 33046468, 34789261, 36887421, 38985837, 41085261, 43185437, 45734904, 47847911, 
22200045, 24298461, 26396621, 28494780, 30949841, 33046468, 34789261, 36887421, 38985837, 41085261, 43185437, 45734904, 47847911, 
22200045, 24298461, 26396621, 28494780, 30949841, 33046468, 34789261, 36887421, 38985837, 41085261, 43185437, 45734904, 48162295, 
22200045, 24298461, 26396621, 28494780, 30949841, 33046468, 34789261, 36887421, 38985837, 41085261, 43185437, 45734904, 48162295, 
26760690, 28857317, 30949841, 33046468, 35143095, 37239467, 39336094, 41431940, 43527262, 45622059, 48162295, 
27429877, 29527789, 31624419, 33721049, 35817935, 37914566, 40008622, 42106517, 44188828, 46283385, 
27429877, 29527789, 31624419, 33721049, 35817935, 37914566, 40008622, 42106517, 44199785, 46295106, 
27429877, 29527789, 31624419, 33721049, 35817935, 37914566, 40008622, 42106517, 44201582, 46296902, 
27429877, 29527789, 31624419, 33721049, 35817935, 37914566, 40008622, 42106517, 44199785, 46296902, 
42483697, 44579031, 46306802, 
42482652, 44577981, 46673055, 
42483697, 44579031, 46674365, 
15259640, 17363681, 19467467, 21571508, 23675805, 25780102, 27884144, 29988441, 32092482, 34196779, 36245709, 38346180, 40449712, 42556306, 44666219, 46775875, 
38928886, 41020905, 43110101, 45196219, 
26775280, 28877043, 30975976, 33074910, 35173843, 37272777, 39371710, 41431940, 43527262, 45622059, 
26775280, 28877043, 30975976, 33074910, 35173843, 37272777, 39371710, 41431940, 43527262, 45622059, 
26760690, 28857317, 30949841, 33046468, 35143095, 37239467, 39336094, 41431940, 43527262, 45622059, 
26760690, 28857317, 30949841, 33046468, 35147712, 37244596, 39341224, 41437839, 43533674, 45629497, 
41437839, 43533674, 45629497, 
41451683, 43560079, 45631236, 
41451683, 43560079, 45631236, 
41441534, 43538416, 45635036, 
26760690, 28857317, 30949841, 33046468, 35147712, 37244596, 39341224, 41437839, 43533674, 45635036, 
41442033, 43538911, 45635528, 
41442033, 43538911, 45635528, 
41431940, 43552615, 45637985, 
41431940, 43552615, 45637985, 
40974687, 43533674, 45648423, 
32687587, 34786248, 36885165, 38983827, 41084253, 43186189, 45654805, 
32687587, 34786248, 36885165, 38983827, 41084253, 43186189, 45654805, 
37253856, 39352268, 41451683, 43552615, 45654805, 
26775280, 28877043, 30967276, 33065698, 35163864, 37262029, 39360451, 41459630, 43560079, 45661542, 
26775280, 28877043, 30967276, 33065698, 35163864, 37262029, 39360451, 41459630, 43560079, 45661542, 
20474063, 22571696, 24669329, 26766962, 28864595, 30962228, 33059861, 35555829, 37652438, 39749047, 41845113, 43538911, 45661542, 
26775280, 28877043, 30975976, 33074910, 35173843, 37272777, 39371710, 41472425, 43574666, 45673884, 
26775280, 28877043, 30975976, 33074910, 35173843, 37272777, 39371710, 41472425, 43574666, 45673884, 
26775280, 28877043, 30975976, 33074910, 35173843, 37272777, 39371710, 41472425, 43574666, 45674142, 
26775280, 28877043, 30975976, 33074910, 35173843, 37272777, 39371710, 41472425, 43574666, 45674142, 
32677884, 34775025, 36871909, 38969049, 41065922, 43162783, 45674545, 
26775280, 28877043, 30975976, 33074910, 35173843, 37272777, 39371710, 41472425, 43574666, 45678688, 
41437839, 43533674, 45678688, 
41437839, 43533674, 45678688, 
26775280, 28877043, 30975976, 33074910, 35173843, 37272777, 39371710, 41472425, 43574666, 45690228, 
26775280, 28877043, 30975976, 33074910, 35173843, 37272777, 39371710, 41472425, 43574666, 45690228, 
22200045, 24298461, 26396621, 28494780, 30949841, 33046468, 34789261, 36887421, 38985837, 41085261, 43185437, 45734904, 
22200045, 24298461, 26396621, 28494780, 30949841, 33046468, 34789261, 36887421, 38985837, 41085261, 43185437, 45734904, 
27429877, 29527789, 31624419, 33721049, 35817935, 37914566, 40008622, 42106517, 44188828, 
27429877, 29527789, 31624419, 33721049, 35817935, 37914566, 40008622, 42106517, 44199785, 
27429877, 29527789, 31624419, 33721049, 35817935, 37914566, 40010674, 42104208, 44199785, 
27429877, 29527789, 31624419, 33721049, 35817935, 37914566, 40008622, 42106517, 44201582, 
27429877, 29527789, 31624419, 33721049, 35817935, 37914566, 40008622, 42106517, 44201582, 
15259640, 17363681, 19467467, 21571508, 23675805, 25780102, 27884144, 29988441, 32092482, 34196779, 36245709, 38346180, 40449712, 42556306, 44666219, 
28453350, 30545619, 32637632, 34730157, 36822426, 38914439, 41001569, 43083305, 
38928886, 41020905, 43110101, 
32677884, 34775025, 36871909, 38969049, 41065922, 43162783, 
22200045, 24298461, 26396621, 28494780, 30949841, 33046468, 34789261, 36887421, 38985837, 41085261, 43185437, 
22200045, 24298461, 26396621, 28494780, 30949841, 33046468, 34789261, 36887421, 38985837, 41085261, 43185437, 
32687587, 34786248, 36885165, 38983827, 41084253, 43186189, 
26760690, 28857317, 30949841, 33046468, 35143095, 37239467, 39336094, 41431940, 43527262, 
26775280, 28877043, 30975976, 33074910, 35173843, 37272777, 39371710, 41431940, 43527262, 
26775280, 28877043, 30975976, 33074910, 35173843, 37272777, 39371710, 41431940, 43527262, 
37253856, 39352268, 41442033, 43527262, 
37253856, 39352268, 41442033, 43527262, 
32677884, 34775025, 36871909, 38969049, 41065922, 43527262, 
26760690, 28857317, 30949841, 33046468, 35147712, 37244596, 39341224, 41437839, 43533674, 
22200045, 24298461, 26396621, 28494780, 30949841, 33046468, 34789261, 36887421, 38985837, 41085261, 43535423, 
22200045, 24298461, 26396621, 28494780, 30949841, 33046468, 34789261, 36887421, 38985837, 41085261, 43535423, 
20474063, 22571696, 24669329, 26766962, 28864595, 30962228, 33059861, 35555829, 37652438, 39749047, 41845113, 43538911, 
26761443, 28858324, 30955205, 33051830, 35148711, 37245592, 39342474, 41439084, 43552615, 
37253856, 39352268, 41451683, 43552615, 
32677884, 34775025, 36871909, 38969049, 41468554, 43552615, 
26761443, 28858324, 30955205, 33051830, 35148711, 37245592, 39342474, 41447385, 43559248, 
28453350, 30545619, 32637632, 34730157, 36822426, 38914439, 41001569, 43559248, 
28453350, 30545619, 32637632, 34730157, 36822426, 38914439, 41001569, 43559248, 
26775280, 28877043, 30967276, 33065698, 35163864, 37262029, 39360451, 41459630, 43560079, 
26775280, 28877043, 30967276, 33065698, 35163864, 37262029, 39360451, 41459630, 43560079, 
32677884, 34775025, 36871909, 38969049, 41468554, 43570788, 
26775280, 28877043, 30975976, 33074910, 35173843, 37272777, 39371710, 41472425, 43574666, 
26775280, 28877043, 30975976, 33074910, 35173843, 37272777, 39371710, 41472425, 43574666, 
26761443, 28858324, 30955205, 33051830, 35148711, 37245592, 39342474, 41447385, 43583898, 
30980081, 33079527, 35178974, 37278676, 39378122, 41480119, 43583898, 
27429877, 29527789, 31624419, 33721049, 35817935, 37914566, 40010674, 42104208, 
27429877, 29527789, 31624419, 33721049, 35817935, 37914566, 40008622, 42106517, 
27429877, 29527789, 31624419, 33721049, 35817935, 37914566, 40008622, 42106517, 
15259640, 17363681, 19467467, 21571508, 23675805, 25780102, 27884144, 29988441, 32092482, 34196779, 36245709, 38346180, 40449712, 42556306, 
28441572, 30531537, 32621758, 34711722, 36801943, 38891908, 40974687, 
28453350, 30545619, 32637632, 34730157, 36822426, 38914439, 41001569, 
32677884, 34775025, 36871909, 38969049, 41065922, 
32687587, 34786248, 36885165, 38983827, 41084253, 
22200045, 24298461, 26396621, 28494780, 30949841, 33046468, 34789261, 36887421, 38985837, 41085261, 
22200045, 24298461, 26396621, 28494780, 30949841, 33046468, 34789261, 36887421, 38985837, 41085261, 
26760690, 28857317, 30949841, 33046468, 35143095, 37239467, 39336094, 41431940, 
26775280, 28877043, 30975976, 33074910, 35173843, 37272777, 39371710, 41431940, 
26775280, 28877043, 30975976, 33074910, 35173843, 37272777, 39371710, 41431940, 
26760690, 28857317, 30949841, 33046468, 35147712, 37244596, 39341224, 41437839, 
26761443, 28858324, 30955205, 33051830, 35148711, 37245592, 39342474, 41439084, 
37253856, 39352268, 41442033, 
37253856, 39352268, 41442033, 
26761443, 28858324, 30955205, 33051830, 35148711, 37245592, 39342474, 41447385, 
37253856, 39352268, 41451683, 
18393809, 20495029, 22595993, 24696957, 26798178, 28899142, 30999594, 33100559, 35511794, 37605078, 39698107, 41451683, 
26770408, 28868570, 30966732, 33064895, 35163057, 37261475, 39359637, 41459066, 
26775280, 28877043, 30967276, 33065698, 35163864, 37262029, 39360451, 41459630, 
26775280, 28877043, 30967276, 33065698, 35163864, 37262029, 39360451, 41459630, 
26775280, 28873955, 30972886, 33071562, 35170493, 37269424, 39368100, 41468554, 
32677884, 34775025, 36871909, 38969049, 41468554, 
26775280, 28877043, 30975976, 33074910, 35173843, 37272777, 39371710, 41472425, 
26775280, 28877043, 30975976, 33074910, 35173843, 37272777, 39371710, 41472425, 
26760690, 28857317, 30949841, 33046468, 35143095, 37239467, 39336094, 41480119, 
30980081, 33079527, 35178974, 37278676, 39378122, 41480119, 
21122544, 23216609, 25310674, 27404740, 29499061, 31593126, 33687191, 35782025, 37876090, 39967324, 
25331948, 27427800, 29523653, 31619762, 33715614, 35811467, 37907575, 40002384, 
27429877, 29527789, 31624419, 33721049, 35817935, 37914566, 40008622, 
27429877, 29527789, 31624419, 33721049, 35817935, 37914566, 40010674, 
27441903, 29539556, 31637210, 33734863, 35832516, 37930170, 40028581, 
25712370, 27809255, 29906396, 32003280, 34100421, 36197306, 38294447, 40391321, 
25725678, 27824098, 29922263, 32020683, 34119103, 36217523, 38315688, 40415376, 
15259640, 17363681, 19467467, 21571508, 23675805, 25780102, 27884144, 29988441, 32092482, 34196779, 36245709, 38346180, 40449712, 
28441572, 30531537, 32621758, 34711722, 36801943, 38891908, 
28453350, 30545619, 32637632, 34730157, 36822426, 38914439, 
32677884, 34775025, 36871909, 38969049, 
32687587, 34786248, 36885165, 38983827, 
22200045, 24298461, 26396621, 28494780, 30949841, 33046468, 34789261, 36887421, 38985837, 
22200045, 24298461, 26396621, 28494780, 30949841, 33046468, 34789261, 36887421, 38985837, 
26760690, 28857317, 30949841, 33046468, 35143095, 37239467, 39336094, 
30980081, 33079527, 35178974, 37278676, 39336094, 
26760690, 28857317, 30949841, 33046468, 35147712, 37244596, 39341224, 
26761443, 28858324, 30955205, 33051830, 35148711, 37245592, 39342474, 
26761443, 28858324, 30955205, 33051830, 35148711, 37245592, 39350776, 
26770408, 28868570, 30966732, 33064895, 35163057, 37261475, 39359637, 
26775280, 28877043, 30967276, 33065698, 35163864, 37262029, 39360451, 
26775280, 28877043, 30967276, 33065698, 35163864, 37262029, 39360451, 
26775280, 28873955, 30972886, 33071562, 35170493, 37269424, 39368100, 
26775280, 28877043, 30975976, 33074910, 35173843, 37272777, 39371710, 
26775280, 28877043, 30975976, 33074910, 35173843, 37272777, 39371710, 
30980081, 33079527, 35178974, 37278676, 39378122, 
21122544, 23216609, 25310674, 27404740, 29499061, 31593126, 33687191, 35782025, 37876090, 
25331948, 27427800, 29523653, 31619762, 33715614, 35811467, 37907575, 
27429877, 29527789, 31624419, 33721049, 35817935, 37912514, 
27429877, 29527789, 31624419, 33721049, 35817935, 37914566, 
19049710, 21147358, 23245006, 25342655, 27440047, 29537695, 31635088, 33732736, 35830384, 37928032, 
27441903, 29539556, 31637210, 33734863, 35832516, 37930170, 
25712370, 27809255, 29906396, 32003280, 34100421, 36197306, 38294447, 
25725678, 27824098, 29922263, 32020683, 34119103, 36217523, 38315688, 
15259640, 17363681, 19467467, 21571508, 23675805, 25780102, 27884144, 29988441, 32092482, 34196779, 36245709, 38346180, 
28441572, 30531537, 32621758, 34711722, 36801943, 
28453350, 30545619, 32637632, 34730157, 36822426, 
32677884, 34775025, 36871909, 
32687587, 34786248, 36885165, 
22200045, 24298461, 26396621, 28494780, 30949841, 33046468, 34789261, 36887421, 
22200045, 24298461, 26396621, 28494780, 30949841, 33046468, 34789261, 36887421, 
26760690, 28857317, 30949841, 33046468, 35143095, 37239467, 
22200045, 24298461, 26396621, 28494780, 30949841, 33046468, 35143095, 37239467, 
22200045, 24298461, 26396621, 28494780, 30949841, 33046468, 35143095, 37239467, 
26760690, 28857317, 30954201, 33051085, 35147712, 37244596, 
26760690, 28857317, 30949841, 33046468, 35147712, 37244596, 
26761443, 28858324, 30955205, 33051830, 35148711, 37245592, 
26770408, 28868570, 30966732, 33064895, 35163057, 37261475, 
26775280, 28877043, 30967276, 33065698, 35163864, 37262029, 
26775280, 28877043, 30967276, 33065698, 35163864, 37262029, 
26775280, 28873955, 30972886, 33071562, 35170493, 37269424, 
26775280, 28877043, 30975976, 33074910, 35173843, 37272777, 
26775280, 28877043, 30975976, 33074910, 35173843, 37272777, 
30980081, 33079527, 35178974, 37278676, 
21122544, 23216609, 25310674, 27404740, 29499061, 31593126, 33687191, 35782025, 
25331948, 27427800, 29523653, 31619762, 33715614, 35811467, 
27429877, 29527789, 31624419, 33719510, 35816140, 
27429877, 29526506, 31622880, 33719510, 35816140, 
21122544, 23216609, 25310674, 27404740, 29499061, 31593126, 33687191, 35817935, 
27429877, 29527789, 31624419, 33721049, 35817935, 
19049710, 21147358, 23245006, 25342655, 27440047, 29537695, 31635088, 33732736, 35830384, 
27441903, 29539556, 31637210, 33734863, 35832516, 
25712370, 27809255, 29906396, 32003280, 34100421, 36197306, 
25725678, 27824098, 29922263, 32020683, 34119103, 36217523, 
15259640, 17363681, 19467467, 21571508, 23675805, 25780102, 27884144, 29988441, 32092482, 34196779, 36245709, 
15259640, 17363681, 19467467, 21571508, 23675805, 25780102, 27884144, 29988441, 32092482, 34145495, 36300820, 
15259640, 17363681, 19467467, 21571508, 23675805, 25780102, 27884144, 29988441, 32092482, 34145495, 36300820, 
28441572, 30531537, 32621758, 34711722, 
28453350, 30545619, 32637632, 34730157, 
22200045, 24298461, 26396621, 28494780, 30949841, 33046468, 34789261, 
22200045, 24298461, 26396621, 28494780, 30949841, 33046468, 34789261, 
26760690, 28857317, 30949841, 33046468, 35143095, 
22200045, 24298461, 26396621, 28494780, 30949841, 33046468, 35143095, 
22200045, 24298461, 26396621, 28494780, 30949841, 33046468, 35143095, 
26760690, 28857317, 30954201, 33051085, 35147712, 
26760690, 28857317, 30949841, 33046468, 35147712, 
26761443, 28858324, 30955205, 33051830, 35148711, 
26770408, 28868570, 30966732, 33064895, 35163057, 
26775280, 28877043, 30967276, 33065698, 35163864, 
26775280, 28877043, 30967276, 33065698, 35163864, 
26775280, 28873955, 30972886, 33071562, 35170493, 
26775280, 28877043, 30975976, 33074910, 35173843, 
26775280, 28877043, 30975976, 33074910, 35173843, 
22579920, 24679351, 26778781, 28878467, 30977898, 33077584, 35177014, 
30980081, 33079527, 35178974, 
21122544, 23216609, 25310674, 27404740, 29499061, 31593126, 33687191, 
25331948, 27427800, 29523653, 31619762, 33715614, 
27429877, 29527789, 31624419, 33719510, 
27429877, 29526506, 31622880, 33719510, 
29527789, 31624419, 33721049, 
27429877, 29527789, 31624419, 33721049, 
19049710, 21147358, 23245006, 25342655, 27440047, 29537695, 31635088, 33732736, 
27441903, 29539556, 31637210, 33734863, 
25712370, 27809255, 29906396, 32003280, 34100421, 
25725678, 27824098, 29922263, 32020683, 34119103, 
15259640, 17363681, 19467467, 21571508, 23675805, 25780102, 27884144, 29988441, 32092482, 34145495, 
15259640, 17363681, 19467467, 21571508, 23675805, 25780102, 27884144, 29988441, 32092482, 34145495, 
28441572, 30531537, 32621758, 
28453350, 30545619, 32637632, 
22200045, 24298461, 26396621, 28494780, 30949841, 32691100, 
22200045, 24298461, 26396621, 28494780, 30949841, 32691100, 
26760690, 28857317, 30949841, 33046468, 
22200045, 24298461, 26396621, 28494780, 30949841, 33046468, 
22200045, 24298461, 26396621, 28494780, 30949841, 33046468, 
26760690, 28857317, 30954201, 33051085, 
26760690, 28857317, 30949841, 33051085, 
26761443, 28858324, 30955205, 33051830, 
20474063, 22571696, 24669329, 26766962, 28864595, 30962228, 33059861, 
26770408, 28868570, 30966732, 33064895, 
26775280, 28877043, 30967276, 33065698, 
26775280, 28877043, 30967276, 33065698, 
26775280, 28873955, 30972886, 33071562, 
26775280, 28877043, 30975976, 33074910, 
26775280, 28877043, 30975976, 33074910, 
22579920, 24679351, 26778781, 28878467, 30977898, 33077584, 
18393809, 20495029, 22595993, 24696957, 26798178, 28899142, 30999594, 33100559, 
18413539, 20518346, 22623665, 24728985, 26834304, 28939623, 31044942, 33150261, 
28453350, 30545619, 33431359, 
28453350, 30545619, 33431359, 
21122544, 23216609, 25310674, 27404740, 29499061, 31593126, 
25331948, 27427800, 29523653, 31619762, 
27429877, 29526506, 31622880, 
27429877, 29526506, 31622880, 
27429877, 29527789, 31624419, 
19049710, 21147358, 23245006, 25342655, 27440047, 29537695, 31635088, 
27441903, 29539556, 31637210, 
27792619, 29887968, 31983573, 
25712370, 27809255, 29906396, 32003280, 
25725678, 27824098, 29922263, 32020683, 
23262962, 25744383, 27844853, 29945067, 32045537, 
15259640, 17363681, 19467467, 21571508, 23675805, 25780102, 27884144, 29988441, 32092482, 
15259640, 17363681, 19467467, 21571508, 23675805, 25780102, 27884144, 29988441, 32092482, 
22200045, 24298461, 26396621, 28494780, 30592940, 
26760690, 28857317, 30949841, 
22200045, 24298461, 26396621, 28494780, 30949841, 
22200045, 24298461, 26396621, 28494780, 30949841, 
26760690, 28857317, 30954201, 
26760690, 28857317, 30954201, 
26761443, 28858324, 30955205, 
20474063, 22571696, 24669329, 26766962, 28864595, 30962228, 
26770408, 28868570, 30966732, 
26775280, 28877043, 30967276, 
26775280, 28877043, 30967276, 
26775280, 28873955, 30972886, 
26775280, 28877043, 30975976, 
26775280, 28877043, 30975976, 
22579920, 24679351, 26778781, 28878467, 30977898, 
18393809, 20495029, 22595993, 24696957, 26798178, 28899142, 30999594, 
18413539, 20518346, 22623665, 24728985, 26834304, 28939623, 31044942, 
21122544, 23216609, 25310674, 27404740, 29499061, 
25331948, 27427800, 29523653, 
19049710, 21147358, 23245006, 25342655, 27440047, 29537695, 
21122544, 23216609, 25310674, 27404740, 29539556, 
25712370, 27809255, 29906396, 
25725678, 27824098, 29922263, 
23262962, 25744383, 27844853, 29945067, 
15258364, 17362406, 19465681, 21569723, 23673765, 25777551, 27881593, 29985379, 
15259640, 17363681, 19467467, 21571508, 23675805, 25780102, 27884144, 29988441, 
15259640, 17363681, 19467467, 21571508, 23675805, 25780102, 27884144, 29988441, 
15262137, 17367711, 19473797, 21579628, 23685714, 25791800, 27897631, 30003717, 
18393809, 20495029, 22595993, 24696957, 26798178, 28441572, 
18393809, 20495029, 22595993, 24696957, 26798178, 28441572, 
22200045, 24298461, 26396621, 28494780, 
20474063, 22571696, 24669329, 26766962, 28857317, 
20474063, 22571696, 24669329, 26766962, 28864595, 
22579920, 24679351, 26778781, 28878467, 
18393809, 20495029, 22595993, 24696957, 26798178, 28899142, 
18413539, 20518346, 22623665, 24728985, 26834304, 28939623, 
21122544, 23216609, 25310674, 27404740, 
19049710, 21147358, 23245006, 25342655, 27440047, 
23262962, 25744383, 27844853, 
15258364, 17362406, 19465681, 21569723, 23673765, 25777551, 27881593, 
15259640, 17363681, 19467467, 21571508, 23675805, 25780102, 27884144, 
15259640, 17363681, 19467467, 21571508, 23675805, 25780102, 27884144, 
15262137, 17367711, 19473797, 21579628, 23685714, 25791800, 27897631, 
15244991, 17345947, 19446904, 21547861, 23648818, 25749774, 28182762, 
22200045, 24298461, 26396621, 
20474063, 22571696, 24669329, 26760690, 
20474063, 22571696, 24669329, 26766962, 
22579920, 24679351, 26778781, 
18393809, 20495029, 22595993, 24696957, 26798178, 
18413539, 20518346, 22623665, 24728985, 26834304, 
21122544, 23216609, 25310674, 
19049710, 21147358, 23245006, 25342655, 
15244991, 17345947, 19446904, 21547861, 23648818, 25749774, 
15258364, 17362406, 19465681, 21569723, 23673765, 25777551, 
15259640, 17363681, 19467467, 21571508, 23675805, 25780102, 
15259640, 17363681, 19467467, 21571508, 23675805, 25780102, 
15262137, 17367711, 19473797, 21579628, 23685714, 25791800, 
20474063, 22571696, 24669329, 
18393809, 20495029, 22595993, 24696957, 
18413539, 20518346, 22623665, 24728985, 
19049710, 21147358, 23245006, 
15244991, 17345947, 19446904, 21547861, 23648818, 
15258364, 17362406, 19465681, 21569723, 23673765, 
15259640, 17363681, 19467467, 21571508, 23675805, 
15259640, 17363681, 19467467, 21571508, 23675805, 
15262137, 17367711, 19473797, 21579628, 23685714, 
18393809, 20495029, 22595993, 
18413539, 20518346, 22623665, 
15244991, 17345947, 19446904, 21547861, 
15258364, 17362406, 19465681, 21569723, 
15259640, 17363681, 19467467, 21571508, 
15259640, 17363681, 19467467, 21571508, 
15262137, 17367711, 19473797, 21579628, 
15244991, 17345947, 19446904, 
15258364, 17362406, 19465681, 
15259640, 17363681, 19467467, 
15259640, 17363681, 19467467, 
15262137, 17367711, 19473797, 
