23.4022 -88.7527 0.0828221 13 0
-0.643864 -89.6863 0.0808946 102 0
-3.50371 -82.9744 0.0747353 15 0
6.04865 -73.4221 0.0663382 9 0
-8.50344 -88.13 0.0797178 0 0
-25.935 -87.8188 0.0826978 14 0
-168.306 -141.177 0.198018 53 0
-57.032 -114.487 0.125226 109 0
5.03495 -216.067 0.194503 8 0
-91.5053 70.6521 0.104239 38 0
-44.5848 12.5374 0.0453008 112 0
-203.589 5.03135 0.183601 63 0
-177.233 64.2219 0.169611 54 0
-146.728 110.485 0.16552 6 0
-13.5195 172.797 0.156061 7 0
-20.6211 55.5067 0.0580816 108 0
43.3063 105.19 0.0985099 10 0
12.7157 47.4405 0.0443425 37 0
5.78035 28.483 0.0286845 110 0
37.7916 33.2979 0.0451001 111 0
48.1279 18.9151 0.0465815 17 0
74.6355 96.9121 0.110057 21 0
26.9343 229.437 0.20833 19 0
40.534 -64.656 0.0688445 12 0
62.8855 -57.6395 0.0770707 11 0
128.045 -27.6983 0.117777 56 0
132.613 -15.3563 0.120599 55 0
197.573 -4.9465 0.178175 103 0
109.54 -92.6743 0.129169 20 0
116.408 -123.316 0.152963 16 0
7.66355 -215.111 0.193803 8 0
-0.319377 -90.6592 0.0816713 102 0
-2.5309 -82.0017 0.0739294 15 0
-10.449 -86.1846 0.0783398 0 0
-25.9349 -87.8188 0.0826978 14 0
-167.334 -140.853 0.197256 53 0
-180.376 -178.669 0.228803 65 0
-57.032 -112.543 0.123837 109 0
-90.5334 73.5676 0.105077 38 0
-42.6409 14.4812 0.0442741 112 0
-203.613 4.62125 0.183612 63 0
-218.055 99.13 0.21582 62 0
-173.773 65.9408 0.167494 54 0
-227.017 120.076 0.231379 64 0
-189.917 148.189 0.21721 22 0
-147.454 111.01 0.166236 6 0
-144.685 176.262 0.205556 45 0
-17.4491 172.797 0.156339 7 0
-20.6211 55.5067 0.0580816 108 0
43.3064 105.19 0.0985099 10 0
5.78044 24.5535 0.0256563 110 0
26.0026 29.3682 0.0365657 111 0
12.7154 47.4405 0.0443424 37 0
73.356 95.8048 0.108744 21 0
46.6541 22.3537 0.0466171 17 0
28.2431 229.436 0.208454 19 0
-7.54537 308.891 0.27854 18 0
41.5156 -65.6376 0.0699171 12 0
64.8487 -59.6027 0.0792687 11 0
127.064 -28.6799 0.117185 56 0
133.594 -16.3378 0.121464 55 0
197.829 -4.09133 0.178362 103 0
675.5 191.71 0.576778 1 0
104.807 -77.6879 0.127875 113 0
109.168 -91.2179 0.128203 20 0
117.39 -124.298 0.154063 16 0
8.61667 -212.251 0.191501 8 0
-0.00181702 -89.7059 0.080893 102 0
-8.54248 -88.091 0.0797177 0 0
-25.9349 -91.6317 0.085687 14 0
-169.202 -140.822 0.198409 53 0
-180.376 -178.669 0.228803 65 0
-57.032 -112.543 0.123837 109 0
-20.6209 55.5091 0.0580817 108 0
-92.4383 71.6628 0.10533 38 0
-146.743 110.496 0.16552 6 0
-44.5459 12.5764 0.0453008 112 0
-175.256 62.3529 0.167621 54 0
-202.66 4.93853 0.18284 63 0
-217.994 97.1145 0.2151 62 0
-227.971 121.03 0.232431 64 0
-188.964 151.048 0.218047 22 0
-144.56 177.177 0.206068 45 0
-15.5231 170.871 0.154643 7 0
73.3558 95.805 0.108744 21 0
217.46 183.023 0.256147 46 0
27.2625 231.108 0.209701 19 0
-7.22455 309.854 0.279312 18 0
39.5914 -63.7134 0.0677729 12 0
62.9245 -59.6027 0.078131 11 0
110.494 -91.6821 0.129268 20 0
125.14 -26.7555 0.115332 56 0
133.594 -16.3378 0.121464 55 0
198.54 -5.24953 0.178959 103 0
103.844 -76.7248 0.126787 113 0
116.672 -123.266 0.153059 16 0
-57.5667 -112.352 0.123898 109 0
-20.9318 55.82 0.0584152 108 0
217.569 182.822 0.256109 46 0
-7.77214 309.412 0.278958 18 0
103.979 -77.928 0.127468 113 0
104.442 -77.9795 0.127822 113 0
-21.9108 387.474 0.35001 23 0
11.9433 197.485 0.178437 59 0
0.471777 146.806 0.13223 50 1
143.538 260.938 0.268488 43 0
137.816 190.793 0.212067 40 0
132.971 125.12 0.164347 61 0
119.94 -83.7679 0.131839 51 0
-18.156 -454.668 0.41022 60 0
-153.671 -93.1688 0.161943 2 1
-296.464 -163.039 0.304855 98 0
-216.164 -59.3907 0.202029 99 0
-177.802 208.878 0.247194 57 0
-234.346 245.104 0.305659 58 0
-202.913 -18.6789 0.184512 24 0
-247.743 -8.29767 0.22336 101 1
9.55039 196.687 0.177536 59 0
-1.6555 146.805 0.132238 50 1
136.684 190.774 0.211407 40 0
133.769 125.386 0.165092 61 0
90.2884 66.7689 0.102365 67 1
87.7875 8.40194 0.0795141 27 0
145.205 259.732 0.268248 43 0
-24.0707 383.268 0.346037 23 0
119.94 -85.3617 0.132736 51 0
87.9679 -36.2077 0.0858 49 0
136.48 -62.8732 0.136741 41 0
106.355 12.8089 0.095921 42 1
-154.479 -92.3616 0.162208 2 1
-107.155 -44.9988 0.104587 104 1
-17.5582 -451.46 0.407106 60 0
-176.75 209.114 0.246712 57 0
-76.7241 82.1257 0.101254 25 1
-89.756 76.0129 0.105966 44 0
-202.106 -19.4855 0.183819 24 0
-248.549 -8.02893 0.224129 101 1
-215.799 -58.1807 0.201384 99 0
-296.061 -162.711 0.304363 98 0
-236.336 243.435 0.305832 58 0
10.3286 195.909 0.176798 59 0
-1.65538 146.805 0.132238 50 1
132.315 124.792 0.163625 61 0
88.7317 68.3255 0.102057 67 1
135.455 190.015 0.210075 40 0
-22.2568 382.491 0.345151 23 0
119.94 -85.3617 0.132736 51 0
87.9679 -36.2077 0.0858 49 0
135.703 -65.2055 0.137055 41 0
84.4888 8.63136 0.0766219 3 1
85.6356 7.87346 0.0773214 27 0
106.355 12.8088 0.095921 42 1
-153.691 -93.6747 0.162213 2 1
-107.943 -44.2108 0.105008 104 1
-75.1498 83.6999 0.101349 25 1
-89.7561 76.013 0.105966 44 0
-75.9953 20.8144 0.0709478 83 1
-96.7142 -13.5875 0.088 78 1
-201.319 -20.2726 0.183129 24 0
-249.336 -7.7665 0.224898 101 1
-215.012 -58.443 0.200701 99 0
-295.274 -164.023 0.304309 98 0
-179.353 210.46 0.249387 57 0
-101.422 272.413 0.276937 35 0
9.21805 196.434 0.17728 59 0
-0.896693 146.047 0.131453 50 1
117.335 145.878 0.18367 107 0
30.5419 25.3493 0.0353542 66 0
88.7319 68.3254 0.102057 67 1
130.699 123.854 0.16176 61 0
86.452 -34.6918 0.0837735 49 0
136.461 -62.9316 0.136741 41 0
82.973 8.63147 0.0750746 3 1
87.1516 9.38934 0.0790241 27 0
105.597 13.5669 0.0952692 42 1
11.247 -108.89 0.101701 36 1
-154.081 -92.3044 0.161833 2 1
-107.044 -45.6295 0.104722 104 1
-75.9175 82.9323 0.101296 25 1
-56.0821 46.1875 0.0674238 96 0
-89.7561 76.013 0.105966 44 0
-75.9953 20.8143 0.0709478 83 1
-98.2496 -12.0522 0.0893373 78 1
-199.784 -20.2726 0.181583 24 0
-247.955 -7.53856 0.223492 101 1
-216.548 -57.9312 0.202068 99 0
-101.668 277.588 0.282139 35 0
-0.157294 146.786 0.132229 50 1
5.19269 46.4191 0.0422606 80 0
116.595 145.139 0.182577 107 0
30.5422 25.3493 0.0353544 66 0
88.7317 68.3254 0.102057 67 1
129.222 125.331 0.161715 61 0
6.85236 194.446 0.175094 59 0
86.452 -34.6918 0.0837735 49 0
134.729 -64.6175 0.13587 41 0
83.7114 7.89283 0.0757723 3 1
87.1517 7.91235 0.0788709 27 0
104.859 12.8283 0.0943823 42 1
11.2471 -108.89 0.101701 36 1
-34.5886 -20.7582 0.0362832 5 0
-38.1127 117.31 0.12102 119 1
-75.9175 82.9323 0.101296 25 1
-55.3339 48.4324 0.0683419 96 0
-91.2525 74.5165 0.106171 44 0
-128.467 77.7201 0.147269 116 1
-114.95 62.6674 0.128437 117 1
-58.9584 26.2465 0.0602595 86 1
-74.4989 22.3108 0.0698825 83 1
-97.5014 -12.8005 0.0886644 78 1
-108.667 -44.9965 0.106023 104 1
-198.108 -21.1357 0.179955 24 0
-153.701 -94.6362 0.162755 2 1
-216.548 -54.9384 0.201288 99 0
-247.805 -8.26033 0.22336 101 1
0.282103 146.884 0.132336 50 1
5.19254 46.4192 0.0422607 80 0
118.247 144.855 0.183463 107 0
30.542 23.9097 0.0343828 66 0
89.5733 67.6109 0.102314 67 1
38.8882 4.3968 0.0352172 31 0
6.37315 195.884 0.176633 59 0
12.6718 -73.0167 0.0726333 114 1
86.452 -34.6918 0.0837735 49 0
84.4305 8.61195 0.0766219 3 1
87.1517 7.91242 0.0788709 27 0
105.578 12.1093 0.0950403 42 1
136.417 -62.974 0.136741 41 0
13.4358 -109.619 0.102748 36 1
-517.369 -112.887 0.555939 52 0
-35.3183 -20.0286 0.0365657 5 0
-75.7185 82.9917 0.101199 25 1
-55.3339 48.4323 0.0683418 96 0
-88.591 74.2526 0.1038 44 0
-57.5008 27.704 0.0594916 86 1
-128.467 79.1777 0.14808 116 1
-114.95 64.125 0.129188 117 1
-74.4988 22.3109 0.0698825 83 1
-97.5014 -12.8004 0.0886644 78 1
-107.21 -44.9965 0.104587 104 1
-153.701 -93.1786 0.161943 2 1
-217.052 -56.4677 0.202213 99 0
-248.534 -7.0443 0.224098 101 1
-197.553 -20.0509 0.179235 24 0
-40.2748 116.558 0.121025 119 1
4.49222 45.7187 0.0414074 80 0
22.3916 38.094 0.0432231 105 1
30.5419 23.9096 0.0343826 66 0
36.7869 5.09734 0.033 31 0
38.3368 4.98703 0.0346884 31 0
89.4551 67.6057 0.102205 67 1
117.342 144.431 0.182461 107 0
-0.844636 147.488 0.133009 50 1
8.00561 195.185 0.175916 59 0
18.853 -19.3374 0.0242 28 1
29.193 -12.0292 0.0286 81 0
87.8512 -36.0911 0.0858 49 0
83.0312 7.2127 0.0749293 3 1
87.1516 9.31156 0.079024 27 0
106.277 12.8088 0.0959209 42 1
135.016 -64.3751 0.136013 41 0
10.5952 -109.619 0.102395 36 1
-34.6083 -20.7388 0.0362835 5 0
-515.689 -112.966 0.554147 52 0
-18.0659 26.6938 0.0291241 29 1
-19.028 22.3498 0.0264915 89 1
-23.8674 26.9558 0.0330732 87 1
-55.3339 48.4323 0.0683418 96 0
-30.5534 17.1214 0.0320325 88 1
-33.0509 9.86229 0.0315185 90 1
-57.5008 27.7041 0.0594916 86 1
-128.467 77.759 0.147269 116 1
-114.95 62.7063 0.128436 117 1
-74.4989 19.4734 0.0690464 83 1
-98.2106 -12.091 0.0893373 78 1
-107.919 -45.7058 0.105606 104 1
-153.701 -93.1787 0.161943 2 1
-196.843 -17.9204 0.178217 24 0
-88.3437 74.5099 0.103774 44 0
-76.6226 83.644 0.102395 25 1
-40.9559 117.239 0.122016 119 1
5.17321 45.0376 0.0407148 80 0
23.0724 38.7751 0.0442878 105 1
13.675 20.8165 0.0224357 39 1
29.8611 25.9526 0.0352687 66 0
22.3519 14.3707 0.0240217 30 1
40.2536 4.33669 0.0368243 31 0
89.4551 67.6057 0.102205 67 1
117.342 145.791 0.18367 107 0
-0.844495 147.488 0.133009 50 1
7.56056 -30.3186 0.0281092 32 1
17.4926 -20.6977 0.0242998 28 1
29.193 -12.0292 0.0286 81 0
38.8723 4.41381 0.0352172 31 0
86.6672 -35.9377 0.084482 49 0
84.3916 8.57306 0.0766219 3 1
85.7913 7.95117 0.0773214 27 0
103.557 12.8089 0.0928442 42 1
136.378 -63.013 0.136741 41 0
11.9766 -111.001 0.104106 36 1
12.6673 -73.0362 0.0726334 114 1
2.15168 -61.0224 0.0599374 115 1
-35.2988 -21.4295 0.0373514 5 0
-17.3759 24.624 0.0267641 29 1
-19.028 23.7295 0.0276973 89 1
-23.8674 26.9558 0.0330732 87 1
-55.3339 48.4323 0.0683418 96 0
-30.5533 17.1214 0.0320325 88 1
-32.3609 11.9319 0.0314992 90 1
-29.543 5.45993 0.0268544 100 0
-59.5705 27.0142 0.0612849 86 1
-129.103 77.8764 0.14795 116 1
-114.345 62.9627 0.127977 117 1
-74.4988 22.2331 0.0698825 83 1
-98.2107 -12.091 0.0893374 78 1
-107.919 -45.7058 0.105606 104 1
-197.534 -18.6111 0.179069 24 0
-88.3439 74.5098 0.103774 44 0
-75.9319 82.9532 0.101296 25 1
-39.6328 115.916 0.120036 119 1
5.83479 45.6992 0.0415823 80 0
23.0726 38.7749 0.0442877 105 1
14.3366 21.478 0.0235153 39 1
12.5075 19.2601 0.0202831 26 1
30.5225 23.968 0.0343827 66 0
21.6902 14.591 0.0235152 30 1
88.7944 68.2664 0.102057 67 1
-1.50532 146.828 0.132238 50 1
6.89981 -30.9794 0.0286845 32 1
18.8141 -19.3762 0.0242 28 1
26.5501 -12.0291 0.0257503 81 0
38.8722 4.41388 0.0352171 31 0
83.7308 7.91234 0.0757723 3 1
87.7735 8.61201 0.0797178 27 0
106.199 12.8088 0.0959209 42 1
86.4957 -34.7637 0.0837735 49 0
11.9766 -111.001 0.104106 36 1
14.0098 -74.3787 0.0744433 114 1
0.137852 -60.3511 0.0591141 115 1
-34.6277 -20.758 0.0362833 5 0
-17.376 27.3059 0.0293517 29 1
-19.028 23.7295 0.0276973 89 1
-23.8674 26.9559 0.0330733 87 1
-55.3339 48.4323 0.0683418 96 0
-29.8829 16.4509 0.0309763 88 1
-24.8296 11.2421 0.0247195 92 1
-33.0314 9.9206 0.0315184 90 1
-30.2135 7.47129 0.0281092 100 0
-57.5592 27.6846 0.0594916 86 1
-33.7407 0.639931 0.0311127 95 0
-73.8284 21.5627 0.0689148 83 1
-98.2107 -12.091 0.0893373 78 1
-107.249 -45.0353 0.104587 104 1
-197.534 -19.5061 0.179179 24 0
-115.605 63.3846 0.129492 117 1
-129.156 78.4335 0.148337 116 1
-89.0151 73.8384 0.103873 44 0
-75.9318 82.9533 0.101296 25 1
-40.917 117.2 0.122016 119 1
4.55046 45.6993 0.0414074 80 0
23.7146 36.8488 0.0427164 105 1
13.0523 21.4781 0.0226771 39 1
13.7916 20.5443 0.0224357 26 1
29.8804 24.61 0.0342593 66 0
21.6901 14.5912 0.0235153 30 1
88.7944 68.2664 0.102057 67 1
-0.650341 146.828 0.13223 50 1
7.54111 -30.3381 0.0281092 32 1
18.8141 -20.6588 0.0253239 28 1
29.1152 -12.0292 0.0286 81 0
38.8723 4.41374 0.0352172 31 0
83.0896 8.55361 0.0750745 3 1
87.1322 7.97068 0.0788709 27 0
104.313 13.3211 0.0937525 42 1
87.1378 -35.4059 0.0847856 49 0
11.9766 -112.305 0.105652 36 1
12.7063 -73.0751 0.0726333 114 1
1.44159 -61.6549 0.0606898 115 1
-11.1511 -173.736 0.203936 69 0
-49.0483 -28.6789 0.0613637 73 1
-221.561 -63.5084 0.268246 72 0
-221.553 -63.1704 0.268128 72 0
-34.6276 -20.7583 0.0362834 5 0
-18.6779 26.0038 0.0289364 29 1
-19.028 22.4275 0.0264915 89 1
-23.2165 27.6068 0.0331646 87 1
-55.3339 48.4323 0.0683418 96 0
-29.8829 16.4509 0.0309763 88 1
-25.4806 9.28901 0.0245967 92 1
-32.3804 10.5716 0.0309958 90 1
-29.5625 5.51824 0.0268544 100 0
-59.5122 27.0336 0.0612849 86 1
-31.7878 1.29099 0.0287898 95 0
-74.4793 20.9115 0.0694482 83 1
-98.2107 -12.0911 0.0893373 78 1
-107.249 -45.0354 0.104587 104 1
-114.953 62.7326 0.128436 117 1
-128.504 78.6507 0.147808 116 1
-88.3632 74.4904 0.103774 44 0
-75.2801 80.9977 0.099055 25 1
-39.6717 115.955 0.120036 119 1
138.534 334.862 0.436311 71 0
5.17321 46.3219 0.0422607 80 0
23.7146 39.3393 0.0453541 105 1
13.675 22.1009 0.0237459 39 1
14.4144 19.9217 0.0222462 26 1
30.5032 25.2328 0.0353545 66 0
22.3129 15.2138 0.0245968 30 1
0.178933 146.828 0.13223 50 1
6.91929 -30.9599 0.0286845 32 1
18.8141 -20.6588 0.0253239 28 1
29.1152 -12.0291 0.0286 81 0
356.129 15.6956 0.429907 70 0
38.8723 5.65756 0.0354227 31 0
83.7115 7.93186 0.0757724 3 1
87.1322 7.97068 0.0788709 27 0
104.277 12.2011 0.0934999 42 1
88.3832 -34.1605 0.085666 49 0
12.609 -111.672 0.104968 36 1
13.3386 -74.9722 0.0750664 114 1
0.809153 -61.0224 0.0598969 115 1
-11.9943 -173.736 0.203979 69 0
-17.5082 -17.8016 0.0242 106 0
-47.151 -29.3116 0.0597757 73 1
-33.9952 -20.1259 0.0352172 5 0
-222.766 -63.585 0.269699 72 0
-18.678 26.0038 0.0289365 29 1
-19.028 24.9538 0.0289365 89 1
-23.848 26.9753 0.0330733 87 1
-55.8641 48.7383 0.0690812 96 0
-31.1461 16.451 0.032352 88 1
-24.2174 10.5521 0.0236947 92 1
-33.0119 11.2032 0.0319757 90 1
-30.8256 6.78137 0.0286845 100 0
-58.2491 28.2968 0.06053 86 1
-32.4193 0.659378 0.029557 95 0
-74.9105 22.2437 0.0704153 83 1
-222.823 -63.919 0.269884 72 0
-98.2106 -12.091 0.0893373 78 1
-107.249 -45.0354 0.104587 104 1
-114.321 63.3651 0.12813 117 1
-75.2801 79.7329 0.0979247 25 1
-40.8781 117.162 0.122016 119 1
5.77641 44.5121 0.0400405 80 0
23.1114 37.5296 0.0429563 105 1
13.675 20.8943 0.0224357 39 1
13.8111 19.3184 0.0211589 26 1
31.1064 24.6294 0.0354739 66 0
21.7097 14.6106 0.0235154 30 1
137.931 333.401 0.43427 71 0
18.2117 -20.0564 0.024225 28 1
28.5128 -11.4268 0.0275879 81 0
38.2699 3.85032 0.0343651 31 0
357.041 17.7022 0.431222 70 0
83.7114 7.93185 0.0757724 3 1
86.5297 8.97467 0.0782229 27 0
104.88 12.8043 0.0943824 42 1
86.5734 -34.7637 0.0837734 49 0
11.8352 -110.303 0.103129 36 1
12.1128 -73.7463 0.0732719 114 1
0.809247 -61.0224 0.059897 115 1
-12.6072 -174.349 0.204791 69 0
-17.5082 -20.2534 0.0264915 106 0
-48.99 -28.6984 0.0613638 73 1
-35.2212 -20.1257 0.0365657 5 0
-16.8416 25.3917 0.0269668 29 1
-19.028 22.5053 0.0264915 89 1
-22.6237 26.9753 0.0320702 87 1
-35.3117 21.7648 0.0453542 84 0
-31.146 16.4509 0.0323519 88 1
-25.4417 11.7764 0.0257504 92 1
-33.012 9.9789 0.0315184 90 1
-29.6014 5.55716 0.0268545 100 0
-59.4733 27.0725 0.0612849 86 1
-33.0314 1.27145 0.0303448 95 0
-221.599 -63.919 0.268386 72 0
-98.2108 -12.091 0.0893374 78 1
-107.249 -45.0353 0.104587 104 1
-73.8792 21.5638 0.0689148 83 1
-115.547 62.1391 0.128752 117 1
-55.3495 48.4413 0.0683417 96 0
-40.8781 117.161 0.122016 119 1
43.6028 735.615 0.958418 91 0
5.19268 46.2636 0.0422607 80 0
24.2789 38.6973 0.0451001 105 1
12.5074 22.0617 0.0229685 39 1
13.2273 19.9021 0.0213581 26 1
31.1063 24.6295 0.0354739 66 0
21.7097 14.6105 0.0235153 30 1
18.2117 -20.0564 0.024225 28 1
27.9299 -12.0097 0.027168 81 0
38.8528 5.5991 0.0354227 31 0
83.1284 8.51467 0.0750744 3 1
86.6809 8.4388 0.0783511 27 0
105.464 12.2205 0.0950402 42 1
356.157 18.0928 0.430076 70 0
85.406 -35.9313 0.0829316 49 0
14.4867 -73.7463 0.0738312 114 1
1.40261 -61.6159 0.0606897 115 1
-11.9122 -174.458 0.204893 69 0
6.90819 -30.9331 0.0286845 32 1
-18.1017 -18.4729 0.0252999 106 0
-47.8028 -28.6986 0.0600281 73 1
-35.2211 -20.1257 0.0365656 5 0
11.3981 -111.627 0.104795 36 1
-18.027 26.577 0.029124 29 1
-18.4353 23.098 0.0266054 89 1
-23.2165 26.3826 0.0319758 87 1
-35.3117 21.7647 0.0453542 84 0
-30.5534 17.0437 0.0320325 88 1
-25.4417 9.40568 0.0245968 92 1
-31.8266 11.1643 0.0305039 90 1
-30.7867 6.74251 0.0286844 100 0
-58.2879 28.2578 0.0605299 86 1
-32.4388 0.283726 0.0295617 95 0
-222.192 -63.7215 0.269065 72 0
-97.4945 -11.2212 0.0882711 78 1
-107.841 -44.4427 0.105008 104 1
-75.0661 20.3768 0.0699949 83 1
-55.3496 48.4413 0.0683418 96 0
5.75699 45.6992 0.0415823 80 0
23.7146 38.1329 0.0440275 105 1
13.6361 20.9332 0.0224357 39 1
13.5095 20.1844 0.0218966 26 1
29.9777 24.6295 0.0342593 66 0
22.274 14.0462 0.0237457 30 1
18.2117 -20.0564 0.024225 28 1
28.7751 -12.2915 0.028393 81 0
38.8528 4.47215 0.0352172 31 0
83.7267 8.06129 0.0758343 3 1
105.182 11.9383 0.0946016 42 1
86.5346 8.58132 0.0781697 27 0
14.1997 -74.0333 0.0741358 114 1
0.8286 -61.0418 0.0598969 115 1
7.19521 -30.072 0.0276372 32 1
-17.8147 -19.334 0.0258734 106 0
-48.09 -29.5596 0.0609707 73 1
-35.2211 -20.1258 0.0365657 5 0
-12.1057 -174.067 0.204373 69 0
11.9713 -111.054 0.104106 36 1
-18.027 26.5771 0.0291241 29 1
-19.2952 23.3846 0.0276371 89 1
-23.7896 26.9558 0.0330733 87 1
-10.4956 10.6688 0.0132 97 1
-21.5966 22.2737 0.0347198 48 0
-35.0251 22.6246 0.0456368 84 0
-30.5534 15.8972 0.0313065 88 1
-24.8684 10.7432 0.0245119 92 1
-32.6865 10.8776 0.0314848 90 1
-29.9269 5.88264 0.0273068 100 0
-57.9874 27.5095 0.059724 86 1
-32.7253 1.14356 0.029953 95 0
-97.6142 -11.4897 0.0884731 78 1
-75.0662 21.5249 0.0704086 83 1
-55.0625 48.1543 0.0677929 96 0
5.23152 45.5241 0.04123 80 0
23.3643 38.1329 0.0437549 105 1
13.4609 20.7581 0.0220763 39 1
13.9474 19.9216 0.0219419 26 1
30.1529 24.104 0.0339736 66 0
21.9237 14.7468 0.0238756 30 1
8.97912 -15.2938 0.0174312 120 1
17.5122 -19.7067 0.0231465 28 1
28.5128 -11.8543 0.0277821 81 0
38.678 4.29728 0.0349316 31 0
86.5346 8.93164 0.078223 27 0
83.6943 7.95867 0.0757724 3 1
14.1105 -73.7658 0.0737292 114 1
1.54218 -61.0419 0.0599195 115 1
6.74928 -29.9828 0.0273628 32 1
-17.9039 -19.0665 0.0256772 106 0
-47.8224 -29.1136 0.0602986 73 1
-34.6859 -20.661 0.0362833 5 0
12.3275 -110.341 0.103135 36 1
-17.8489 26.0427 0.0283355 29 1
-18.8499 23.4737 0.0273333 89 1
-23.6115 26.7777 0.0327074 87 1
-8.1311 9.17235 0.0102928 85 1
-10.1394 11.025 0.0132204 97 1
-19.3701 21.4722 0.0317458 48 0
-35.4704 22.0012 0.04571 84 0
-30.5534 16.7284 0.031866 88 1
-25.0466 10.8026 0.0247843 92 1
-32.9536 10.7886 0.0318156 90 1
-29.8378 6.50604 0.0273628 100 0
-32.102 1.05449 0.0290432 95 0
-97.2574 -11.1329 0.0878999 78 1
-74.8877 21.7033 0.0702317 83 1
-58.4464 27.673 0.0604289 86 1
-55.5085 48.6003 0.0687077 96 0
5.62227 45.4617 0.0412057 80 0
-0.0599927 16.6532 0.0149742 82 1
23.7175 38.1704 0.0441174 105 1
13.8502 20.2131 0.0217024 39 1
13.6749 20.0384 0.021843 26 1
30.52 24.3602 0.0347179 66 0
22.0015 14.3576 0.0236244 30 1
9.1734 -15.0218 0.0172111 120 1
7.46312 -13.0004 0.0148092 118 1
17.3179 -19.6678 0.0228846 28 1
28.6294 -11.8932 0.0279866 81 0
38.6003 4.68585 0.0348762 31 0
86.7682 9.00948 0.0786235 27 0
83.8111 8.07544 0.0759842 3 1
14.0222 -73.9325 0.0739684 114 1
1.29813 -61.0528 0.0599265 115 1
7.1466 -30.0623 0.0276371 32 1
-17.586 -19.5433 0.0259026 106 0
-35.322 -20.4335 0.0369918 5 0
-47.7383 -29.5497 0.0605587 73 1
-18.0075 26.0427 0.0284834 29 1
-18.8895 23.2753 0.0271192 89 1
-23.4132 27.0554 0.0328403 87 1
-8.28976 9.64835 0.0110549 85 1
-9.74269 10.9457 0.0126977 97 1
-23.6145 26.5892 0.0426073 48 0
-11.9532 2.90492 0.0109172 47 0
-35.7877 22.0805 0.0462213 84 0
-30.6724 16.5036 0.0318643 88 1
-25.0069 10.472 0.0245182 92 1
-32.7156 10.8679 0.0314848 90 1
-30.2741 6.06972 0.0279162 100 0
-32.0623 1.33216 0.02899 95 0
-58.1682 27.5538 0.0599355 86 1
0.134649 16.4586 0.0145957 82 1
7.60553 45.9656 0.067343 34 0
8.57873 19.9993 0.0200976 33 0
13.7529 20.5051 0.0220635 39 1
13.8695 20.2331 0.0223834 26 1
22.1962 14.5522 0.0241625 30 1
30.7326 24.1472 0.0347947 66 0
23.6828 38.1392 0.0440275 105 1
5.68578 45.6431 0.0415823 80 0
8.97914 -15.2161 0.0173424 120 1
7.46313 -13.0004 0.0148092 118 1
17.2208 -19.9592 0.0232045 28 1
11.4673 -2.15554 0.0105257 75 0
28.5323 -11.9903 0.0278823 81 0
38.5031 4.39447 0.0346161 31 0
7.24638 -29.9626 0.0274959 32 1
-17.985 -19.5433 0.0264229 106 0
1.17008 -61.2428 0.0602921 115 1
14.1623 -73.9924 0.0741358 114 1
-17.7954 26.0703 0.0282925 29 1
-18.3918 22.9767 0.0260598 89 1
-23.6303 26.8914 0.0328736 87 1
-8.09065 9.44924 0.0105077 85 1
-10.1409 10.9457 0.0132115 97 1
-90.8766 -3.91812 0.160199 48 0
-11.2563 2.80535 0.0095461 47 0
-35.9051 22.1103 0.0464479 84 0
-30.4248 16.451 0.0313889 88 1
-25.206 10.6711 0.025025 92 1
-25.9488 5.13085 0.0258924 94 0
-23.302 2.00809 0.0200373 93 1
-32.679 10.7201 0.0313285 90 1
-29.8759 6.46793 0.0273137 100 0
-32.0623 1.53127 0.0290057 95 0
-34.8903 -20.5239 0.036351 5 0
-47.6094 -29.3183 0.060105 73 1
6.87515 47.9044 0.0719794 34 0
-0.098973 16.2249 0.0140007 82 1
8.65661 20.233 0.0207037 33 0
13.675 20.1156 0.0211589 39 1
13.9474 19.8436 0.0217023 26 1
5.46488 7.15923 0.00777818 68 1
5.50377 5.79722 0.00659999 79 1
21.8847 14.5522 0.0235153 30 1
30.6808 24.3025 0.0349282 66 0
23.6828 38.1392 0.0440275 105 1
5.84112 45.4877 0.04125 80 0
8.90147 -15.1384 0.0170766 120 1
7.77383 -13.0004 0.0152122 118 1
17.0655 -20.1146 0.0232631 28 1
11.545 -1.76715 0.0105652 75 0
28.2786 -11.926 0.0272351 81 0
38.5808 4.62751 0.0348762 31 0
7.32669 -29.8822 0.0273566 32 1
-1.43801 -10.7778 0.00946262 4 1
-17.8244 -19.7039 0.0264515 106 0
1.1701 -60.9223 0.0595145 115 1
-18.5343 23.1609 0.0266253 89 1
-8.25086 9.60946 0.0110548 85 1
-10.1409 10.9457 0.0132115 97 1
-11.016 2.72525 0.00895335 47 0
-24.8055 10.7513 0.0242062 92 1
-25.8687 5.69162 0.0260772 94 0
-23.3821 2.40864 0.020283 93 1
-29.956 6.38783 0.0274615 100 0
-31.822 1.45114 0.0284143 95 0
-34.9705 -20.4438 0.0364207 5 0
-47.2889 -29.7989 0.060081 73 1
-91.9504 -6.37271 0.163831 48 0
-32.8692 11 0.0319758 90 1
-30.2229 16.4667 0.0309763 88 1
-35.8104 22.2469 0.0464221 84 0
-23.8567 26.4615 0.0324686 87 1
-18.1272 26.2087 0.0290252 29 1
-0.099008 16.7702 0.0155564 82 1
8.92926 20.1421 0.0208557 33 0
13.9476 20.3883 0.0222461 39 1
13.8111 20.2526 0.0224357 26 1
5.73753 7.43187 0.00886849 68 1
5.23112 6.06986 0.00669101 79 1
6.37944 4.88308 0.00723415 74 0
7.79957 3.19031 0.00737905 76 1
7.72179 3.11254 0.00737906 77 1
22.2937 14.4159 0.0242812 30 1
30.9527 24.0307 0.0350838 66 0
23.8187 38.2751 0.0445636 105 1
9.95882 47.0283 0.0707857 34 0
5.56933 45.2159 0.0403754 80 0
9.3092 -15.2743 0.0180162 120 1
7.77384 -13.0004 0.0152123 118 1
17.0357 -19.8366 0.0225896 28 1
11.2732 -2.03897 0.00991527 75 0
38.7167 4.49161 0.0352172 31 0
28.6375 -11.8461 0.0280931 81 0
7.18552 -30.0234 0.0276372 32 1
-1.57922 -10.9189 0.00991524 4 1
-17.8244 -19.7039 0.0264515 106 0
1.31086 -61.0631 0.0599122 115 1
-8.25087 9.23406 0.0102732 85 1
-10.0001 10.8049 0.0126619 97 1
-11.4383 2.30293 0.0101415 47 0
-25.087 10.4697 0.0246275 92 1
-26.291 6.11393 0.0275494 94 0
-23.3821 1.84555 0.0202232 93 1
-30.0968 6.5286 0.0279257 100 0
-31.9627 1.3104 0.0287897 95 0
-34.8297 -20.5846 0.0362834 5 0
-47.4298 -29.3766 0.0597757 73 1
-92.0916 -6.23151 0.164136 48 0
-32.4456 10.5764 0.0305089 90 1
-30.7877 16.4666 0.0323519 88 1
-35.8104 22.2469 0.0464221 84 0
-23.5744 26.7439 0.0325245 87 1
-18.4087 22.9985 0.0260598 89 1
-17.7036 26.0675 0.0280446 29 1
0.0178805 16.1858 0.0136173 82 1
9.16302 20.5317 0.0223674 33 0
13.7139 20.1546 0.021159 39 1
13.6942 20.1357 0.0218967 26 1
5.73753 6.96436 0.00769999 68 1
5.69864 5.60236 0.00669105 79 1
6.37944 4.88309 0.00723416 74 0
7.79956 3.65781 0.00800811 76 1
7.72179 3.11249 0.00737902 77 1
30.6033 24.1471 0.0343827 66 0
23.8187 38.2751 0.0445636 105 1
9.26002 46.7953 0.0695701 34 0
5.68578 45.5653 0.0415823 80 0
9.07626 -15.0414 0.0169432 120 1
7.65737 -12.884 0.0146758 118 1
11.6226 -1.92251 0.011 75 0
38.5614 4.4916 0.0347019 31 0
28.4038 -11.8461 0.0273732 81 0
17.7626 -19.8419 0.0242062 28 1
7.42899 -30.0234 0.0278335 32 1
-1.57919 -10.9189 0.00991528 4 1
-17.7863 -19.4989 0.0258822 106 0
1.18952 -61.1844 0.0602921 115 1
-8.25087 9.39583 0.0106586 85 1
-10.0406 10.9263 0.0130373 97 1
-11.0743 2.90957 0.00902066 47 0
-25.2424 10.7782 0.0254613 92 1
-26.1697 5.50729 0.0266055 94 0
-23.1395 2.0882 0.019461 93 1
-30.0332 6.3228 0.0275865 100 0
-31.5988 1.43171 0.0276372 95 0
-35.0723 -20.3419 0.0365656 5 0
-32.6891 10.8199 0.0314848 90 1
-30.3007 16.4666 0.0309763 88 1
-35.6887 22.1252 0.0458879 84 0
-23.8178 26.7438 0.0330412 87 1
-18.5305 23.1203 0.0266054 89 1
-17.9471 26.311 0.0291241 29 1
