(51465608, 49373845, 47282337, 45196219, 43110101, 41020905, 38928886, )
(51549200, 49452328, 47355712, 45259120, 43162783, 41065922, 38969049, 36871909, 34775025, 32677884, )
(51802436, 49695337, 47588239, 45471451, 43083305, 41001569, 38914439, 36822426, 34730157, 32637632, 30545619, 28453350, )
(51925429, 49828543, 47731657, 45635036, 43538416, 41441534, )
(51926424, 49829284, 47732400, 45635528, 43538911, 41442033, )
(51947217, 49848279, 47749597, 45649642, )
(51961875, 49862439, 47763260, 45661542, 43560079, 41459630, 39360451, 37262029, 35163864, 33065698, 30967276, 28877043, 26775280, )
(51976520, 49882913, 47782454, 45678688, 43574666, 41472425, 39371710, 37272777, 35173843, 33074910, 30975976, 28877043, 26775280, )
(51976520, 49373845, 47282337, 45196219, 43110101, 41020905, 38928886, )
(51977833, 49877366, 47777156, 45622059, 43527262, 41431940, 39371710, 37272777, 35173843, 33074910, 30975976, 28877043, 26775280, )
(51983627, 49882913, 47782454, 45678688, 43574666, 41472425, 39371710, 37272777, 35173843, 33074910, 30975976, 28877043, 26775280, )
(51983627, 49882913, 47782454, )
(51999783, 49898042, 47796301, 45690228, 43574666, 41472425, 39371710, 37272777, 35173843, 33074910, 30975976, 28877043, 26775280, )
(52058583, 49953247, 47847911, 45734904, 43185437, 41085261, 38985837, 36887421, 34789261, 33046468, 30949841, 28494780, 26396621, 24298461, 22200045, )
(52288970, 50195171, 48101373, 45674545, 43570788, 41468554, 39368100, 37269424, 35170493, 33071562, 30972886, 28873955, 26775280, )
(52306858, 50212038, 48116961, 45660697, 43559248, 41459066, 39359637, 37261475, 35163057, 33064895, 30966732, 28868570, 26770408, )
(52310896, 50216345, 48121794, 45654805, 43552615, 41451683, 39352268, 37253856, )
(52346764, 50249129, 48151751, 45631236, 43535423, 41439084, 39342474, 37245592, 35148711, 33051830, 30955205, 28858324, 26761443, )
(52349913, 50252016, 47725066, 45629497, 43533674, 41437839, 39341224, 37244596, 35147712, 33046468, 30949841, 28857317, 26760690, )
(52349913, 50252016, 47725066, 45648423, )
(52359108, 50260701, 48162295, 45734904, 43185437, 41085261, 38985837, 36887421, 34789261, 33046468, 30949841, 28494780, 26396621, 24298461, 22200045, )
(52359108, 50260701, 48162295, 45622059, 43527262, 41431940, 39336094, 37239467, 35143095, 33046468, 30949841, 28857317, 26760690, )
(50464450, 48369868, 46275029, 44182504, )
(50474836, 48393266, 46296902, 44199785, 42106517, 40008622, 37914566, 35817935, 33721049, 31624419, 29527789, 27429877, )
(50487835, 48391471, 46296902, 44199785, 42106517, 40008622, 37914566, 35817935, 33721049, 31624419, 29527789, 27429877, )
(50489374, 48393266, 46296902, 44201582, 42106517, 40008622, 37914566, 35817935, 33721049, 31624419, 29527789, 27429877, )
(50489374, 48393266, 46296902, 44199785, 42106517, 40008622, 37914566, 35817935, 33721049, 31624419, 29527789, 27429877, )
(50500579, 48417275, 46705389, )
(50500579, 48403691, 46306802, 44579031, 42483697, )
(50500579, 48403691, 46306802, 44579031, )
(50500579, 48403691, 46306802, )
(50500579, 48403691, 46306802, )
(50503407, 48417275, 46705389, )
(50508018, 48417275, 46705389, )
(50515187, 48417275, 46705389, )
(50515187, 48417273, 46705389, )
(50515189, 48417275, 46705389, )
(50515189, 48417273, 46705389, )
(50597716, 48501875, 46405779, 44310737, 42124307, 40025921, 37928032, 35830384, 33732736, 31635088, 29537695, 27440047, 25342655, 23245006, 21147358, 19049710, )
(50646568, 48547152, 46447735, 44346053, 42095894, 40002384, 37907575, 35811467, 33715614, 31619762, 29523653, 27427800, 25331948, )
(50708347, 48605336, 46502582, 44393714, 42055472, 39967324, 37876090, 35782025, 33687191, 31593126, 29499061, 27404740, 25310674, 23216609, 21122544, )
(50865280, 48769168, 46673055, 44577981, 42482652, )
(50867106, 48770735, 46306802, )
(50867106, 48770735, 46674365, 44579031, 42483697, )
(50902494, 48804069, 46705389, )
(50982940, 48879408, 46775875, 44666219, 42556306, 40449712, 38346180, 36245709, 34196779, 32092482, 29988441, 27884144, 25780102, 23675805, 21571508, 19467467, 17363681, 15259640, )
(51251167, 49156598, 46720271, 44618302, 42516077, 40415376, 38315688, 36217523, 34119103, 32020683, 29922263, 27824098, 25725678, )
(51297019, 48776721, 46680358, 44584272, 42487929, 40391321, 38294447, 36197306, 34100421, 32003280, 29906396, 27809255, 25712370, )
(49373845, 47282337, 45196219, 43110101, 41020905, 38928886, )
(49452328, 47355712, 45259120, 43162783, 41065922, 38969049, 36871909, 34775025, 32677884, )
(49695337, 47588239, 45471451, 43083305, 41001569, 38914439, 36822426, 34730157, 32637632, 30545619, 28453350, )
(49828543, 47731657, 45635036, 43538416, 41441534, )
(49829284, 47732400, 45635528, 43538911, 41442033, )
(49848279, 47749597, 45649642, )
(49862439, 47763260, 45661542, 43560079, 41459630, 39360451, 37262029, 35163864, 33065698, 30967276, 28877043, 26775280, )
(49876574, 47776627, 45674142, 43574666, 41472425, 39371710, 37272777, 35173843, 33074910, 30975976, 28877043, 26775280, )
(49877366, 47777156, 45622059, 43527262, 41431940, 39371710, 37272777, 35173843, 33074910, 30975976, 28877043, 26775280, )
(49882913, 47782454, 45678688, 43574666, 41472425, 39371710, 37272777, 35173843, 33074910, 30975976, 28877043, 26775280, )
(49882913, 48116961, 45629497, )
(49898042, 47796301, 45690228, 43574666, 41472425, 39371710, 37272777, 35173843, 33074910, 30975976, 28877043, 26775280, )
(49953247, 47847911, 45734904, 43185437, 41085261, 38985837, 36887421, 34789261, 33046468, 30949841, 28494780, 26396621, 24298461, 22200045, )
(49984715, 47873750, 45749486, 43186189, 41084253, 38983827, 36885165, 34786248, 32687587, )
(50195171, 48101373, 45674545, 43570788, 41468554, 39368100, 37269424, 35170493, 33071562, 30972886, 28873955, 26775280, )
(50212038, 48116961, 45660697, 43559248, 41459066, 39359637, 37261475, 35163057, 33064895, 30966732, 28868570, 26770408, )
(50216345, 48121794, 45654805, 43552615, 41451683, 39352268, 37253856, )
(50249129, 48151751, 45631236, 43535423, 41439084, 39342474, 37245592, 35148711, 33051830, 30955205, 28858324, 26761443, )
(50252016, 47725066, 45629497, 43533674, 41437839, 39341224, 37244596, 35147712, 33046468, 30949841, 28857317, 26760690, )
(50252016, 47725066, 45648423, )
(50260701, 48162295, 45734904, 43185437, 41085261, 38985837, 36887421, 34789261, 33046468, 30949841, 28494780, 26396621, 24298461, 22200045, )
(50260701, 48162295, 45622059, 43527262, 41431940, 39336094, 37239467, 35143095, 33046468, 30949841, 28857317, 26760690, )
(48369868, 46275029, 44182504, )
(48378983, 46283385, 44188828, 42106517, 40008622, 37914566, 35817935, 33721049, 31624419, 29527789, 27429877, )
(48391471, 46296902, 44199785, 42106517, 40008622, 37914566, 35817935, 33721049, 31624419, 29527789, 27429877, )
(48393266, 46296902, 44201582, 42106517, 40008622, 37914566, 35817935, 33721049, 31624419, 29527789, 27429877, )
(48393266, 46296902, 44199785, 42106517, 40008622, 37914566, 35817935, 33721049, 31624419, 29527789, 27429877, )
(48403691, 46306802, 44579031, 42483697, )
(48403691, 46306802, 44579031, )
(48424219, 46326064, 44226651, 42127237, 40028581, 37930170, 35832516, 33734863, 31637210, 29539556, 27441903, )
(48501875, 46405779, 44310737, 42124307, 40025921, 37928032, 35830384, 33732736, 31635088, 29537695, 27440047, 25342655, 23245006, 21147358, 19049710, )
(48547152, 46447735, 44346053, 42095894, 40002384, 37907575, 35811467, 33715614, 31619762, 29523653, 27427800, 25331948, )
(48605336, 46502582, 44393714, 42055472, 39967324, 37876090, 35782025, 33687191, 31593126, 29499061, 27404740, 25310674, 23216609, 21122544, )
(48769168, 46673055, 44577981, 42482652, )
(48770735, 46674365, 44579031, 42483697, )
(48776721, 46680358, 44584272, 42487929, 40391321, 38294447, 36197306, 34100421, 32003280, 29906396, 27809255, 25712370, )
(48879408, 46775875, 44666219, 42556306, 40449712, 38346180, 36245709, 34196779, 32092482, 29988441, 27884144, 25780102, 23675805, 21571508, 19467467, 17363681, 15259640, )
(49156598, 46720271, 44618302, 42516077, 40415376, 38315688, 36217523, 34119103, 32020683, 29922263, 27824098, 25725678, )
(47282337, 45196219, 43110101, 41020905, 38928886, )
(47355712, 45259120, 43162783, 41065922, 38969049, 36871909, 34775025, 32677884, )
(47588239, 45471451, 43083305, 41001569, 38914439, 36822426, 34730157, 32637632, 30545619, 28453350, )
(47725066, 45629497, 43533674, 41437839, 39341224, 37244596, 35147712, 33046468, 30949841, 28857317, 26760690, )
(47731657, 45635036, 43538416, 41441534, )
(47732400, 45635528, 43538911, 41442033, )
(47763260, 45661542, 43560079, 41459630, 39360451, 37262029, 35163864, 33065698, 30967276, 28877043, 26775280, )
(47776627, 45674142, 43574666, 41472425, 39371710, 37272777, 35173843, 33074910, 30975976, 28877043, 26775280, )
(47777156, 45654805, 43552615, 41451683, 39352268, 37253856, )
(47777156, 45622059, 43527262, 41431940, 39371710, 37272777, 35173843, 33074910, 30975976, 28877043, 26775280, )
(47782454, 45678688, 43574666, 41472425, 39371710, 37272777, 35173843, 33074910, 30975976, 28877043, 26775280, )
(47796301, 45690228, 43574666, 41472425, 39371710, 37272777, 35173843, 33074910, 30975976, 28877043, 26775280, )
(47847911, 45734904, 43185437, 41085261, 38985837, 36887421, 34789261, 33046468, 30949841, 28494780, 26396621, 24298461, 22200045, )
(47873750, 45749486, 43186189, 41084253, 38983827, 36885165, 34786248, 32687587, )
(48101373, 45674545, 43570788, 41468554, 39368100, 37269424, 35170493, 33071562, 30972886, 28873955, 26775280, )
(48116961, 45660697, 43559248, 41459066, 39359637, 37261475, 35163057, 33064895, 30966732, 28868570, 26770408, )
(48121794, 45259120, 43162783, 41065922, 38969049, 36871909, 34775025, 32677884, )
(48121794, 45654805, 43552615, 41451683, 39352268, 37253856, )
(48151751, 45631236, 43535423, 41439084, 39342474, 37245592, 35148711, 33051830, 30955205, 28858324, 26761443, )
(48162295, 45734904, 43185437, 41085261, 38985837, 36887421, 34789261, 33046468, 30949841, 28494780, 26396621, 24298461, 22200045, )
(48162295, 45622059, 43527262, 41431940, 39336094, 37239467, 35143095, 33046468, 30949841, 28857317, 26760690, )
(46283385, 44188828, 42106517, 40008622, 37914566, 35817935, 33721049, 31624419, 29527789, 27429877, )
(46295106, 44199785, 42106517, 40008622, 37914566, 35817935, 33721049, 31624419, 29527789, 27429877, )
(46296902, 44201582, 42106517, 40008622, 37914566, 35817935, 33721049, 31624419, 29527789, 27429877, )
(46296902, 44199785, 42106517, 40008622, 37914566, 35817935, 33721049, 31624419, 29527789, 27429877, )
(46306802, 44579031, 42483697, )
(46326064, 44226651, 42127237, 40028581, 37930170, 35832516, 33734863, 31637210, 29539556, 27441903, )
(46405779, 44310737, 42124307, 40025921, 37928032, 35830384, 33732736, 31635088, 29537695, 27440047, 25342655, 23245006, 21147358, 19049710, )
(46447735, 44346053, 42095894, 40002384, 37907575, 35811467, 33715614, 31619762, 29523653, 27427800, 25331948, )
(46502582, 44393714, 42055472, 39967324, 37876090, 35782025, 33687191, 31593126, 29499061, 27404740, 25310674, 23216609, 21122544, )
(46673055, 44577981, 42482652, )
(46674365, 44579031, 42483697, )
(46680358, 44584272, 42487929, 40391321, 38294447, 36197306, 34100421, 32003280, 29906396, 27809255, 25712370, )
(46720271, 44618302, 42516077, 40415376, 38315688, 36217523, 34119103, 32020683, 29922263, 27824098, 25725678, )
(46775875, 44666219, 42556306, 40449712, 38346180, 36245709, 34196779, 32092482, 29988441, 27884144, 25780102, 23675805, 21571508, 19467467, 17363681, 15259640, )
(45196219, 43110101, 41020905, 38928886, )
(45259120, 43162783, 41065922, 38969049, 36871909, 34775025, 32677884, )
(45471451, 43083305, 41001569, 38914439, 36822426, 34730157, 32637632, 30545619, 28453350, )
(45512409, 43050791, 40974687, 38891908, 36801943, 34711722, 32621758, 30531537, 28441572, )
(45622059, 43527262, 41431940, 39371710, 37272777, 35173843, 33074910, 30975976, 28877043, 26775280, )
(45622059, 43908736, 41818318, 39376130, 37276700, 35177014, 33077584, 30977898, 28878467, 26778781, 24679351, 22579920, )
(45622059, 43527262, 41431940, 39336094, 37239467, 35143095, 33046468, 30949841, 28857317, 26760690, )
(45629497, 43533674, 41437839, 39341224, 37244596, 35147712, 33046468, 30949841, 28857317, 26760690, )
(45629497, 43533674, 41437839, )
(45631236, 43560079, 41451683, )
(45631236, 43535423, 41439084, 39342474, 37245592, 35148711, 33051830, 30955205, 28858324, 26761443, )
(45635036, 43538416, 41441534, )
(45635036, 43533674, 41437839, 39341224, 37244596, 35147712, 33046468, 30949841, 28857317, 26760690, )
(45635528, 43538911, 41442033, )
(45635528, 43538911, 41442033, )
(45637985, 43552615, 41431940, )
(45648423, 43533674, 40974687, )
(45654805, 43186189, 41084253, 38983827, 36885165, 34786248, 32687587, )
(45654805, 43552615, 41451683, 39352268, 37253856, )
(45660697, 43050791, 40974687, 38891908, 36801943, 34711722, 32621758, 30531537, 28441572, )
(45660697, 43559248, 41459066, 39359637, 37261475, 35163057, 33064895, 30966732, 28868570, 26770408, )
(45661542, 43560079, 41459630, 39360451, 37262029, 35163864, 33065698, 30967276, 28877043, 26775280, )
(45661542, 43538911, 41845113, 39749047, 37652438, 35555829, 33059861, 30962228, 28864595, 26766962, 24669329, 22571696, 20474063, )
(45673884, 43574666, 41472425, 39371710, 37272777, 35173843, 33074910, 30975976, 28877043, 26775280, )
(45674142, 43574666, 41472425, 39371710, 37272777, 35173843, 33074910, 30975976, 28877043, 26775280, )
(45674545, 43162783, 41065922, 38969049, 36871909, 34775025, 32677884, )
(45674545, 43570788, 41468554, 39368100, 37269424, 35170493, 33071562, 30972886, 28873955, 26775280, )
(45678688, 43574666, 41472425, 39371710, 37272777, 35173843, 33074910, 30975976, 28877043, 26775280, )
(45678688, 43533674, 41437839, )
(45690228, 43574666, 41472425, 39371710, 37272777, 35173843, 33074910, 30975976, 28877043, 26775280, )
(45734904, 43185437, 41085261, 38985837, 36887421, 34789261, 33046468, 30949841, 28494780, 26396621, 24298461, 22200045, )
(45749486, 43186189, 41084253, 38983827, 36885165, 34786248, 32687587, )
(44188828, 42106517, 40008622, 37914566, 35817935, 33721049, 31624419, 29527789, 27429877, )
(44199785, 42106517, 40008622, 37914566, 35817935, 33721049, 31624419, 29527789, 27429877, )
(44199785, 42104208, 40010674, 37914566, 35817935, 33721049, 31624419, 29527789, 27429877, )
(44201582, 42106517, 40008622, 37914566, 35817935, 33721049, 31624419, 29527789, 27429877, )
(44201582, 42106517, 40008622, 37914566, 35817935, 33721049, 31624419, 29527789, 27429877, )
(44226651, 42127237, 40028581, 37930170, 35832516, 33734863, 31637210, 29539556, 27441903, )
(44310737, 42124307, 40025921, 37928032, 35830384, 33732736, 31635088, 29537695, 27440047, 25342655, 23245006, 21147358, 19049710, )
(44346053, 42095894, 40002384, 37907575, 35811467, 33715614, 31619762, 29523653, 27427800, 25331948, )
(44393714, 42055472, 39967324, 37876090, 35782025, 33687191, 31593126, 29499061, 27404740, 25310674, 23216609, 21122544, )
(44584272, 42487929, 40391321, 38294447, 36197306, 34100421, 32003280, 29906396, 27809255, 25712370, )
(44618302, 42516077, 40415376, 38315688, 36217523, 34119103, 32020683, 29922263, 27824098, 25725678, )
(44666219, 42556306, 40449712, 38346180, 36245709, 34196779, 32092482, 29988441, 27884144, 25780102, 23675805, 21571508, 19467467, 17363681, 15259640, )
(43050791, 40974687, 38891908, 36801943, 34711722, 32621758, 30531537, 28441572, )
(43083305, 41001569, 38914439, 36822426, 34730157, 32637632, 30545619, 28453350, )
(43110101, 41020905, 38928886, )
(43162783, 41065922, 38969049, 36871909, 34775025, 32677884, )
(43185437, 41085261, 38985837, 36887421, 34789261, 33046468, 30949841, 28494780, 26396621, 24298461, 22200045, )
(43186189, 41084253, 38983827, 36885165, 34786248, 32687587, )
(43527262, 41431940, 39336094, 37239467, 35143095, 33046468, 30949841, 28857317, 26760690, )
(43527262, 41431940, 39371710, 37272777, 35173843, 33074910, 30975976, 28877043, 26775280, )
(43527262, 41442033, 39352268, 37253856, )
(43527262, 41065922, 38969049, 36871909, 34775025, 32677884, )
(43533674, 41437839, 39341224, 37244596, 35147712, 33046468, 30949841, 28857317, 26760690, )
(43535423, 41439084, 39342474, 37245592, 35148711, 33051830, 30955205, 28858324, 26761443, )
(43535423, 41085261, 38985837, 36887421, 34789261, 33046468, 30949841, 28494780, 26396621, 24298461, 22200045, )
(43538911, 41845113, 39749047, 37652438, 35555829, 33059861, 30962228, 28864595, 26766962, 24669329, 22571696, 20474063, )
(43552615, 41439084, 39342474, 37245592, 35148711, 33051830, 30955205, 28858324, 26761443, )
(43552615, 41451683, 39352268, 37253856, )
(43552615, 41468554, 38969049, 36871909, 34775025, 32677884, )
(43559248, 41447385, 39342474, 37245592, 35148711, 33051830, 30955205, 28858324, 26761443, )
(43559248, 41459066, 39359637, 37261475, 35163057, 33064895, 30966732, 28868570, 26770408, )
(43559248, 41001569, 38914439, 36822426, 34730157, 32637632, 30545619, 28453350, )
(43559248, 41001569, 38914439, 36822426, 34730157, 32637632, 30545619, 28453350, )
(43560079, 41459630, 39749047, 37652438, 35555829, 33059861, 30962228, 28864595, 26766962, 24669329, 22571696, 20474063, )
(43560079, 41459630, 39360451, 37262029, 35163864, 33065698, 30967276, 28877043, 26775280, )
(43570788, 41468554, 39368100, 37269424, 35170493, 33071562, 30972886, 28873955, 26775280, )
(43570788, 41468554, 38969049, 36871909, 34775025, 32677884, )
(43574666, 41472425, 39371710, 37272777, 35173843, 33074910, 30975976, 28877043, 26775280, )
(43583898, 41447385, 39342474, 37245592, 35148711, 33051830, 30955205, 28858324, 26761443, )
(43583898, 41480119, 39378122, 37278676, 35178974, 33079527, 30980081, )
(43908736, 41818318, 39376130, 37276700, 35177014, 33077584, 30977898, 28878467, 26778781, 24679351, 22579920, )
(42055472, 39967324, 37876090, 35782025, 33687191, 31593126, 29499061, 27404740, 25310674, 23216609, 21122544, )
(42095894, 40002384, 37907575, 35811467, 33715614, 31619762, 29523653, 27427800, 25331948, )
(42104208, 40010674, 37914566, 35817935, 33721049, 31624419, 29527789, 27429877, )
(42106517, 40008622, 37914566, 35817935, 33721049, 31624419, 29527789, 27429877, )
(42106517, 40008622, 37914566, 35817935, 33721049, 31624419, 29527789, 27429877, )
(42124307, 40025921, 37928032, 35830384, 33732736, 31635088, 29537695, 27440047, 25342655, 23245006, 21147358, 19049710, )
(42127237, 40028581, 37930170, 35832516, 33734863, 31637210, 29539556, 27441903, )
(42487929, 40391321, 38294447, 36197306, 34100421, 32003280, 29906396, 27809255, 25712370, )
(42516077, 40415376, 38315688, 36217523, 34119103, 32020683, 29922263, 27824098, 25725678, )
(42556306, 40449712, 38346180, 36245709, 34196779, 32092482, 29988441, 27884144, 25780102, 23675805, 21571508, 19467467, 17363681, 15259640, )
(42759309, 40683472, 38600445, 36300820, 34196779, 32092482, 29988441, 27884144, 25780102, 23675805, 21571508, 19467467, 17363681, 15259640, )
(42764701, 40687839, 38578078, 36489656, 34401489, 32312555, 30003717, 27897631, 25791800, 23685714, 21579628, 19473797, 17367711, 15262137, )
(42764701, 40687839, 38401036, 36297249, 34193207, 32089421, 29985379, 27881593, 25777551, 23673765, 21569723, 19465681, 17362406, 15258364, )
(40974687, 38891908, 36801943, 34711722, 32621758, 30531537, 28441572, )
(41001569, 38914439, 36822426, 34730157, 32637632, 30545619, 28453350, )
(41065922, 38969049, 36871909, 34775025, 32677884, )
(41084253, 38983827, 36885165, 34786248, 32687587, )
(41085261, 38985837, 36887421, 34789261, 33046468, 30949841, 28494780, 26396621, 24298461, 22200045, )
(41431940, 39336094, 37239467, 35143095, 33046468, 30949841, 28857317, 26760690, )
(41431940, 39371710, 37272777, 35173843, 33074910, 30975976, 28877043, 26775280, )
(41437839, 39341224, 37244596, 35147712, 33046468, 30949841, 28857317, 26760690, )
(41439084, 39342474, 37245592, 35148711, 33051830, 30955205, 28858324, 26761443, )
(41442033, 39352268, 37253856, )
(41447385, 39342474, 37245592, 35148711, 33051830, 30955205, 28858324, 26761443, )
(41451683, 39352268, 37253856, )
(41451683, 39698107, 37605078, 35511794, 33100559, 30999594, 28899142, 26798178, 24696957, 22595993, 20495029, 18393809, )
(41459066, 39359637, 37261475, 35163057, 33064895, 30966732, 28868570, 26770408, )
(41459630, 39749047, 37652438, 35555829, 33059861, 30962228, 28864595, 26766962, 24669329, 22571696, 20474063, )
(41459630, 39360451, 37262029, 35163864, 33065698, 30967276, 28877043, 26775280, )
(41468554, 39368100, 37269424, 35170493, 33071562, 30972886, 28873955, 26775280, )
(41468554, 38969049, 36871909, 34775025, 32677884, )
(41472425, 39371710, 37272777, 35173843, 33074910, 30975976, 28877043, 26775280, )
(41480119, 39336094, 37239467, 35143095, 33046468, 30949841, 28857317, 26760690, )
(41480119, 39378122, 37278676, 35178974, 33079527, 30980081, )
(41717687, 39636713, 37360387, 35255580, 33150261, 31044942, 28939623, 26834304, 24728985, 22623665, 20518346, 18413539, )
(41787267, 39698107, 37605078, 35511794, 33100559, 30999594, 28899142, 26798178, 24696957, 22595993, 20495029, 18393809, )
(41818318, 39376130, 37276700, 35177014, 33077584, 30977898, 28878467, 26778781, 24679351, 22579920, )
(41845113, 39749047, 37652438, 35555829, 33059861, 30962228, 28864595, 26766962, 24669329, 22571696, 20474063, )
(39967324, 37876090, 35782025, 33687191, 31593126, 29499061, 27404740, 25310674, 23216609, 21122544, )
(40002384, 37907575, 35811467, 33715614, 31619762, 29523653, 27427800, 25331948, )
(40008622, 37914566, 35817935, 33721049, 31624419, 29527789, 27429877, )
(40010674, 37914566, 35817935, 33721049, 31624419, 29527789, 27429877, )
(40025921, 37928032, 35830384, 33732736, 31635088, 29537695, 27440047, 25342655, 23245006, 21147358, 19049710, )
(40028581, 37930170, 35832516, 33734863, 31637210, 29539556, 27441903, )
(40391321, 38294447, 36197306, 34100421, 32003280, 29906396, 27809255, 25712370, )
(40415376, 38315688, 36217523, 34119103, 32020683, 29922263, 27824098, 25725678, )
(40449712, 38346180, 36245709, 34196779, 32092482, 29988441, 27884144, 25780102, 23675805, 21571508, 19467467, 17363681, 15259640, )
(40683472, 38600445, 36300820, 34196779, 32092482, 29988441, 27884144, 25780102, 23675805, 21571508, 19467467, 17363681, 15259640, )
(40687839, 38578078, 36489656, 34401489, 32312555, 30003717, 27897631, 25791800, 23685714, 21579628, 19473797, 17367711, 15262137, )
(40687839, 38401036, 36297249, 34193207, 32089421, 29985379, 27881593, 25777551, 23673765, 21569723, 19465681, 17362406, 15258364, )
(38891908, 36801943, 34711722, 32621758, 30531537, 28441572, )
(38914439, 36822426, 34730157, 32637632, 30545619, 28453350, )
(38969049, 36871909, 34775025, 32677884, )
(38983827, 36885165, 34786248, 32687587, )
(38985837, 36887421, 34789261, 33046468, 30949841, 28494780, 26396621, 24298461, 22200045, )
(39336094, 37239467, 35143095, 33046468, 30949841, 28857317, 26760690, )
(39336094, 37278676, 35178974, 33079527, 30980081, )
(39341224, 37244596, 35147712, 33046468, 30949841, 28857317, 26760690, )
(39341224, 37652438, 35555829, 33059861, 30962228, 28864595, 26766962, 24669329, 22571696, 20474063, )
(39342474, 37245592, 35148711, 33051830, 30955205, 28858324, 26761443, )
(39350776, 37245592, 35148711, 33051830, 30955205, 28858324, 26761443, )
(39359637, 37261475, 35163057, 33064895, 30966732, 28868570, 26770408, )
(39360451, 37262029, 35163864, 33065698, 30967276, 28877043, 26775280, )
(39368100, 37269424, 35170493, 33071562, 30972886, 28873955, 26775280, )
(39371710, 37272777, 35173843, 33074910, 30975976, 28877043, 26775280, )
(39376130, 37276700, 35177014, 33077584, 30977898, 28878467, 26778781, 24679351, 22579920, )
(39378122, 37278676, 35178974, 33079527, 30980081, )
(39636713, 37360387, 35255580, 33150261, 31044942, 28939623, 26834304, 24728985, 22623665, 20518346, 18413539, )
(39698107, 37605078, 35511794, 33100559, 30999594, 28899142, 26798178, 24696957, 22595993, 20495029, 18393809, )
(39749047, 37652438, 35555829, 33059861, 30962228, 28864595, 26766962, 24669329, 22571696, 20474063, )
(37876090, 35782025, 33687191, 31593126, 29499061, 27404740, 25310674, 23216609, 21122544, )
(37907575, 35811467, 33715614, 31619762, 29523653, 27427800, 25331948, )
(37912514, 35817935, 33721049, 31624419, 29527789, 27429877, )
(37912514, 36556125, 34462848, 32369827, 30276551, 28182762, 25749774, 23648818, 21547861, 19446904, 17345947, 15244991, )
(37914566, 35817935, 33721049, 31624419, 29527789, 27429877, )
(37928032, 35830384, 33732736, 31635088, 29537695, 27440047, 25342655, 23245006, 21147358, 19049710, )
(37930170, 35832516, 33734863, 31637210, 29539556, 27441903, )
(38294447, 36197306, 34100421, 32003280, 29906396, 27809255, 25712370, )
(38315688, 36217523, 34119103, 32020683, 29922263, 27824098, 25725678, )
(38346180, 36245709, 34196779, 32092482, 29988441, 27884144, 25780102, 23675805, 21571508, 19467467, 17363681, 15259640, )
(38401036, 36297249, 34193207, 32089421, 29985379, 27881593, 25777551, 23673765, 21569723, 19465681, 17362406, 15258364, )
(38578078, 36489656, 34401489, 32312555, 30003717, 27897631, 25791800, 23685714, 21579628, 19473797, 17367711, 15262137, )
(38600445, 36300820, 34196779, 32092482, 29988441, 27884144, 25780102, 23675805, 21571508, 19467467, 17363681, 15259640, )
(36801943, 34711722, 32621758, 30531537, 28441572, )
(36822426, 34730157, 32637632, 30545619, 28453350, )
(36871909, 34775025, 32677884, )
(36885165, 34786248, 32687587, )
(36887421, 34789261, 33046468, 30949841, 28494780, 26396621, 24298461, 22200045, )
(37239467, 35143095, 33046468, 30949841, 28857317, 26760690, )
(37239467, 35143095, 33046468, 30949841, 28494780, 26396621, 24298461, 22200045, )
(37244596, 35147712, 33051085, 30954201, 28857317, 26760690, )
(37244596, 35147712, 33046468, 30949841, 28857317, 26760690, )
(37245592, 35148711, 33051830, 30955205, 28858324, 26761443, )
(37261475, 35163057, 33064895, 30966732, 28868570, 26770408, )
(37262029, 35163864, 33065698, 30967276, 28877043, 26775280, )
(37269424, 35170493, 33071562, 30972886, 28873955, 26775280, )
(37272777, 35173843, 33074910, 30975976, 28877043, 26775280, )
(37276700, 35177014, 33077584, 30977898, 28878467, 26778781, 24679351, 22579920, )
(37278676, 35178974, 33079527, 30980081, )
(37360387, 35255580, 33150261, 31044942, 28939623, 26834304, 24728985, 22623665, 20518346, 18413539, )
(37605078, 35511794, 33100559, 30999594, 28899142, 26798178, 24696957, 22595993, 20495029, 18393809, )
(37652438, 35555829, 33059861, 30962228, 28864595, 26766962, 24669329, 22571696, 20474063, )
(35782025, 33687191, 31593126, 29499061, 27404740, 25310674, 23216609, 21122544, )
(35811467, 33715614, 31619762, 29523653, 27427800, 25331948, )
(35816140, 33719510, 31624419, 29527789, 27429877, )
(35816140, 33719510, 31622880, 29526506, 27429877, )
(35817935, 33687191, 31593126, 29499061, 27404740, 25310674, 23216609, 21122544, )
(35817935, 33721049, 31624419, 29527789, 27429877, )
(35830384, 33732736, 31635088, 29537695, 27440047, 25342655, 23245006, 21147358, 19049710, )
(35832516, 33734863, 31637210, 29539556, 27441903, )
(36197306, 34100421, 32003280, 29906396, 27809255, 25712370, )
(36217523, 34119103, 32020683, 29922263, 27824098, 25725678, )
(36245709, 34196779, 32092482, 29988441, 27884144, 25780102, 23675805, 21571508, 19467467, 17363681, 15259640, )
(36297249, 34193207, 32089421, 29985379, 27881593, 25777551, 23673765, 21569723, 19465681, 17362406, 15258364, )
(36300820, 34145495, 32092482, 29988441, 27884144, 25780102, 23675805, 21571508, 19467467, 17363681, 15259640, )
(36300820, 34196779, 32092482, 29988441, 27884144, 25780102, 23675805, 21571508, 19467467, 17363681, 15259640, )
(36489656, 34401489, 32312555, 30003717, 27897631, 25791800, 23685714, 21579628, 19473797, 17367711, 15262137, )
(36556125, 34462848, 32369827, 30276551, 28182762, 25749774, 23648818, 21547861, 19446904, 17345947, 15244991, )
(34711722, 32621758, 30531537, 28441572, )
(34730157, 32637632, 30545619, 28453350, )
(34789261, 33046468, 30949841, 28494780, 26396621, 24298461, 22200045, )
(35143095, 33046468, 30949841, 28857317, 26760690, )
(35143095, 33046468, 30949841, 28494780, 26396621, 24298461, 22200045, )
(35147712, 33051085, 30954201, 28857317, 26760690, )
(35147712, 33046468, 30949841, 28857317, 26760690, )
(35148711, 33051830, 30955205, 28858324, 26761443, )
(35163057, 33064895, 30966732, 28868570, 26770408, )
(35163864, 33065698, 30967276, 28877043, 26775280, )
(35170493, 33071562, 30972886, 28873955, 26775280, )
(35173843, 33074910, 30975976, 28877043, 26775280, )
(35177014, 33077584, 30977898, 28878467, 26778781, 24679351, 22579920, )
(35178974, 33079527, 30980081, )
(35255580, 33150261, 31044942, 28939623, 26834304, 24728985, 22623665, 20518346, 18413539, )
(35511794, 33100559, 30999594, 28899142, 26798178, 24696957, 22595993, 20495029, 18393809, )
(35555829, 33059861, 30962228, 28864595, 26766962, 24669329, 22571696, 20474063, )
(33687191, 31593126, 29499061, 27404740, 25310674, 23216609, 21122544, )
(33715614, 31619762, 29523653, 27427800, 25331948, )
(33719510, 31624419, 29527789, 27429877, )
(33719510, 31622880, 29526506, 27429877, )
(33721049, 31624419, 29527789, )
(33721049, 31624419, 29527789, 27429877, )
(33732736, 31635088, 29537695, 27440047, 25342655, 23245006, 21147358, 19049710, )
(33734863, 31637210, 29539556, 27441903, )
(34100421, 32003280, 29906396, 27809255, 25712370, )
(34119103, 32020683, 29922263, 27824098, 25725678, )
(34145495, 32092482, 29988441, 27884144, 25780102, 23675805, 21571508, 19467467, 17363681, 15259640, )
(34193207, 32089421, 29985379, 27881593, 25777551, 23673765, 21569723, 19465681, 17362406, 15258364, )
(34196779, 32092482, 29988441, 27884144, 25780102, 23675805, 21571508, 19467467, 17363681, 15259640, )
(34196779, 32092482, 29988441, 27884144, 25780102, 23675805, 21571508, 19467467, 17363681, 15259640, )
(34401489, 32312555, 30003717, 27897631, 25791800, 23685714, 21579628, 19473797, 17367711, 15262137, )
(34462848, 32369827, 30276551, 28182762, 25749774, 23648818, 21547861, 19446904, 17345947, 15244991, )
(32621758, 30531537, 28441572, )
(32637632, 30545619, 28453350, )
(32691100, 30949841, 28494780, 26396621, 24298461, 22200045, )
(33046468, 30949841, 28857317, 26760690, )
(33046468, 30949841, 28494780, 26396621, 24298461, 22200045, )
(33051085, 30954201, 28857317, 26760690, )
(33051085, 30949841, 28857317, 26760690, )
(33051830, 30955205, 28858324, 26761443, )
(33059861, 30962228, 28864595, 26766962, 24669329, 22571696, 20474063, )
(33064895, 30966732, 28868570, 26770408, )
(33065698, 30967276, 28877043, 26775280, )
(33071562, 30972886, 28873955, 26775280, )
(33074910, 30975976, 28877043, 26775280, )
(33077584, 30977898, 28878467, 26778781, 24679351, 22579920, )
(33100559, 30999594, 28899142, 26798178, 24696957, 22595993, 20495029, 18393809, )
(33150261, 31044942, 28939623, 26834304, 24728985, 22623665, 20518346, 18413539, )
(33431359, 30545619, 28453350, )
(31593126, 29499061, 27404740, 25310674, 23216609, 21122544, )
(31619762, 29523653, 27427800, 25331948, )
(31622880, 29526506, 27429877, )
(31622880, 29526506, 27429877, )
(31624419, 29527789, 27429877, )
(31635088, 29537695, 27440047, 25342655, 23245006, 21147358, 19049710, )
(31637210, 29539556, 27441903, )
(31983573, 29887968, 27792619, )
(32003280, 29906396, 27809255, 25712370, )
(32020683, 29922263, 27824098, 25725678, )
(32045537, 29945067, 27844853, 25744383, 23262962, )
(32089421, 29985379, 27881593, 25777551, 23673765, 21569723, 19465681, 17362406, 15258364, )
(32092482, 29988441, 27884144, 25780102, 23675805, 21571508, 19467467, 17363681, 15259640, )
(32092482, 29988441, 27884144, 25780102, 23675805, 21571508, 19467467, 17363681, 15259640, )
(32312555, 30003717, 27897631, 25791800, 23685714, 21579628, 19473797, 17367711, 15262137, )
(32369827, 30276551, 28182762, 25749774, 23648818, 21547861, 19446904, 17345947, 15244991, )
(30592940, 28494780, 26396621, 24298461, 22200045, )
(30949841, 28857317, 26760690, )
(30949841, 28494780, 26396621, 24298461, 22200045, )
(30954201, 28857317, 26760690, )
(30954201, 28857317, 26760690, )
(30955205, 28858324, 26761443, )
(30962228, 28864595, 26766962, 24669329, 22571696, 20474063, )
(30966732, 28868570, 26770408, )
(30967276, 28877043, 26775280, )
(30972886, 28873955, 26775280, )
(30975976, 28877043, 26775280, )
(30977898, 28878467, 26778781, 24679351, 22579920, )
(30999594, 28899142, 26798178, 24696957, 22595993, 20495029, 18393809, )
(31044942, 28939623, 26834304, 24728985, 22623665, 20518346, 18413539, )
(29499061, 27404740, 25310674, 23216609, 21122544, )
(29523653, 27427800, 25331948, )
(29537695, 27440047, 25342655, 23245006, 21147358, 19049710, )
(29539556, 27404740, 25310674, 23216609, 21122544, )
(29906396, 27809255, 25712370, )
(29922263, 27824098, 25725678, )
(29945067, 27844853, 25744383, 23262962, )
(29985379, 27881593, 25777551, 23673765, 21569723, 19465681, 17362406, 15258364, )
(29988441, 27884144, 25780102, 23675805, 21571508, 19467467, 17363681, 15259640, )
(29988441, 27884144, 25780102, 23675805, 21571508, 19467467, 17363681, 15259640, )
(30003717, 27897631, 25791800, 23685714, 21579628, 19473797, 17367711, 15262137, )
(30276551, 28182762, 25749774, 23648818, 21547861, 19446904, 17345947, 15244991, )
(28441572, 26798178, 24696957, 22595993, 20495029, 18393809, )
(28494780, 26396621, 24298461, 22200045, )
(28857317, 26766962, 24669329, 22571696, 20474063, )
(28864595, 26766962, 24669329, 22571696, 20474063, )
(28878467, 26778781, 24679351, 22579920, )
(28899142, 26798178, 24696957, 22595993, 20495029, 18393809, )
(28939623, 26834304, 24728985, 22623665, 20518346, 18413539, )
(27404740, 25310674, 23216609, 21122544, )
(27440047, 25342655, 23245006, 21147358, 19049710, )
(27844853, 25744383, 23262962, )
(27881593, 25777551, 23673765, 21569723, 19465681, 17362406, 15258364, )
(27884144, 25780102, 23675805, 21571508, 19467467, 17363681, 15259640, )
(27884144, 25780102, 23675805, 21571508, 19467467, 17363681, 15259640, )
(27897631, 25791800, 23685714, 21579628, 19473797, 17367711, 15262137, )
(28182762, 25749774, 23648818, 21547861, 19446904, 17345947, 15244991, )
(26396621, 24298461, 22200045, )
(26760690, 24669329, 22571696, 20474063, )
(26766962, 24669329, 22571696, 20474063, )
(26778781, 24679351, 22579920, )
(26798178, 24696957, 22595993, 20495029, 18393809, )
(26834304, 24728985, 22623665, 20518346, 18413539, )
(25310674, 23216609, 21122544, )
(25342655, 23245006, 21147358, 19049710, )
(25749774, 23648818, 21547861, 19446904, 17345947, 15244991, )
(25777551, 23673765, 21569723, 19465681, 17362406, 15258364, )
(25780102, 23675805, 21571508, 19467467, 17363681, 15259640, )
(25780102, 23675805, 21571508, 19467467, 17363681, 15259640, )
(25791800, 23685714, 21579628, 19473797, 17367711, 15262137, )
(24669329, 22571696, 20474063, )
(24696957, 22595993, 20495029, 18393809, )
(24728985, 22623665, 20518346, 18413539, )
(23245006, 21147358, 19049710, )
(23648818, 21547861, 19446904, 17345947, 15244991, )
(23673765, 21569723, 19465681, 17362406, 15258364, )
(23675805, 21571508, 19467467, 17363681, 15259640, )
(23675805, 21571508, 19467467, 17363681, 15259640, )
(23685714, 21579628, 19473797, 17367711, 15262137, )
(22595993, 20495029, 18393809, )
(22623665, 20518346, 18413539, )
(21547861, 19446904, 17345947, 15244991, )
(21569723, 19465681, 17362406, 15258364, )
(21571508, 19467467, 17363681, 15259640, )
(21571508, 19467467, 17363681, 15259640, )
(21579628, 19473797, 17367711, 15262137, )
(19446904, 17345947, 15244991, )
(19465681, 17362406, 15258364, )
(19467467, 17363681, 15259640, )
(19467467, 17363681, 15259640, )
(19473797, 17367711, 15262137, )
